1181172466,1
1181174943,1
1181174974,1
1181174979,1
1181174990,1
1181175000,1
1181175011,1
1181175019,1
1181175073,1
1181175080,1
1181243824,1
1181243835,1
1181243844,1
1181244027,1
1181244044,1
1181244055,1
1181244055,1
1181244064,1
1181257138,1
1181262180,1
1181328498,1
1181332732,1
1181336790,1
1181347508,1
1181847839,6
1181852539,6
1181852739,6
1181858135,2
1181860453,6
1181860740,6
1181860740,6
1181861657,6
1181867855,6
1181867945,6
1181868116,2
1181876884,6
