0,0.000000000000000, 0.000000000000000, 0.000000000000000
0,0.000000000000000, 0.009999999776483, 0.019797980785370
0,0.019797980785370, 0.065757513046265, 0.000000000000000
0,0.009999999776483, 0.047979779541492, 0.009999999776483
0,0.009999999776483, 0.098888866603374, 0.009999999776483
0,0.029393903911114, 0.098888866603374, 0.009999999776483
0,0.029393894597888, 0.056969664990902, 0.009999999776483
0,0.029393887147307, 0.074343480169773, 0.000000000000000
0,0.009999999776483, 0.090909101068974, 0.039999999105930
0,0.056969661265612, 0.056969687342644, 0.039999999105930
0,0.038787961006165, 0.098888829350471, 0.038787934929132
0,0.038787961006165, 0.082727357745171, 0.019797980785370
0,0.019797980785370, 3.318792819976807, 2.607978820800781
0,0.191918939352036, 3.318792819976807, 2.607978820800781
0,0.029393894597888, 0.065757513046265, 0.020202020183206
0,0.030201986432076, 0.074343562126160, 0.000000000000000
0,0.009999999776483, 0.065757520496845, 0.020202020183206
2,0.029393922537565, 0.074343577027321, 0.000000000000000
2,0.029393922537565, 0.090909101068974, 0.009999999776483
9,0.047979801893234, 0.090909101068974, 0.000000000000000
9,0.009999999776483, 0.047979816794395, 0.029393896460533
9,0.047979768365622, 0.090909130871296, 0.000000000000000
9,0.047979816794395, 0.047979753464460, 0.000000000000000
10,0.019797980785370, 0.074343517422676, 0.009999999776483
10,0.030202001333237, 0.029393905773759, 0.000000000000000
9,0.030202001333237, 0.090909160673618, 0.009999999776483
9,0.068181835114956, 0.090909160673618, 0.029393911361694
10,0.029393918812275, 0.056969657540321, 0.000000000000000
10,0.009999999776483, 0.090909145772457, 0.000000000000000
9,0.038787934929132, 0.090909123420715, 0.019797980785370
9,0.019797980785370, 0.047979738563299, 0.019797980785370
10,0.038787920027971, 0.047979801893234, 0.019797980785370
10,0.019797980785370, 0.090909145772457, 0.000000000000000
9,0.047979809343815, 0.056969664990902, 0.029393920674920
9,0.047979809343815, 0.094545625150204, 0.029393892735243
10,0.009999999776483, 0.094545625150204, 0.029393905773759
10,0.038787923753262, 0.114242427051067, 0.019797980785370
9,0.038787920027971, 0.134444490075111, 0.049595911055803
9,0.038787927478552, 0.082727313041687, 0.056969672441483
9,0.000000000000000, 0.121615976095200, 0.056969672441483
9,0.029393920674920, 0.121616072952747, 0.019797980785370
10,0.029393920674920, 0.065757505595684, 0.009999999776483
10,0.038787938654423, 0.065757505595684, 0.020202020183206
11,0.038787901401520, 0.090909168124199, 0.009999999776483
11,0.019797980785370, 0.090909101068974, 0.029393892735243
11,0.019797980785370, 0.082727260887623, 0.019797980785370
11,0.000000000000000, 0.128787919878960, 0.019797980785370
10,0.019797980785370, 0.082727275788784, 0.038787908852100
10,0.019797980785370, 0.074343517422676, 0.000000000000000
11,0.047979786992073, 0.074343517422676, 0.038787957280874
11,0.029393902048469, 0.065757513046265, 0.019797980785370
10,0.038787905126810, 0.065757513046265, 0.019797980785370
10,0.019797980785370, 0.065757527947426, 0.009999999776483
10,0.000000000000000, 0.047979786992073, 0.029393900185823
10,0.056969687342644, 0.038787905126810, 0.029393900185823
11,0.056969687342644, 0.047979753464460, 0.038787923753262
11,0.009999999776483, 0.074343577027321, 0.029393920674920
11,0.009999999776483, 0.074343577027321, 0.000000000000000
10,0.009999999776483, 0.074343524873257, 0.038787890225649
10,0.029393887147307, 0.029393920674920, 0.029393903911114
11,0.029393903911114, 0.047979801893234, 0.000000000000000
11,0.058990012854338, 0.038787920027971, 0.029393909499049
10,0.029393881559372, 0.074343517422676, 0.029393909499049
10,0.029393881559372, 0.056969661265612, 0.000000000000000
11,0.000000000000000, 0.056969661265612, 0.009999999776483
11,0.000000000000000, 0.056969661265612, 0.038787901401520
11,0.019797980785370, 0.056969661265612, 0.000000000000000
11,0.029393902048469, 0.082727245986462, 0.009999999776483
14,0.047979760915041, 0.082727245986462, 0.020202020183206
14,0.056969694793224, 0.355959922075272, 0.068181753158569
13,0.056969694793224, 0.224141553044319, 0.047979842871428
13,0.009999999776483, 0.236262738704681, 0.047979842871428
14,0.009999999776483, 0.236262738704681, 0.000000000000000
14,0.065757542848587, 0.220100775361061, 0.038787905126810
14,0.038787905126810, 0.187474533915520, 0.038787908852100
14,0.020202020183206, 0.243535548448563, 0.009999999776483
14,0.019797980785370, 0.149090841412544, 0.029393913224339
14,0.056969661265612, 0.146565586328506, 0.056969676166773
14,0.019797980785370, 0.135757789015770, 0.056969676166773
14,0.019797980785370, 0.135757789015770, 0.000000000000000
13,0.038787905126810, 0.077171675860882, 0.009999999776483
13,0.029393920674920, 0.082727313041687, 0.009999999776483
14,0.038787893950939, 0.047979794442654, 0.029393918812275
14,0.056969687342644, 0.090909078717232, 0.019797980785370
15,0.019797980785370, 0.102929346263409, 0.039999999105930
15,0.029393887147307, 0.126868590712547, 0.047979801893234
17,0.029393887147307, 0.126868590712547, 0.047979801893234
17,0.216060623526573, 0.121616125106812, 0.068181738257408
23,0.680403053760529, 0.389798104763031, 0.159494787454605
23,0.598383724689484, 0.588282406330109, 0.148989766836166
22,0.574848115444183, 0.486767917871475, 0.069797933101654
22,0.700605213642120, 0.203131467103958, 0.088383741676807
21,0.700605213642120, 0.203131467103958, 0.088383741676807
21,1.218078732490540, 0.161616057157516, 0.074343562126160
21,0.526362776756287, 0.228181913495064, 0.047979783266783
21,0.074343584477901, 0.128788024187088, 0.098888948559761
21,0.333333134651184, 0.275858491659164, 0.151515275239944
21,0.169192031025887, 0.147070646286011, 0.068181760609150
21,0.757575929164886, 0.249999910593033, 0.094545602798462
21,0.661010205745697, 0.090909123420715, 0.029393911361694
21,0.545858263969421, 0.131313174962997, 0.065757550299168
21,0.174848303198814, 0.131313174962997, 0.065757550299168
21,0.174848303198814, 0.663737237453461, 0.100605927407742
21,0.232222318649292, 0.121616154909134, 0.038787908852100
20,0.119596026837826, 1.131314158439636, 0.128787785768509
20,0.082727245986462, 0.128787755966187, 0.000000000000000
21,0.038787946105003, 0.270303428173065, 0.111111171543598
21,0.038787905126810, 0.270303428173065, 0.111111171543598
21,0.056969638913870, 0.372827976942062, 0.108585722744465
21,0.056969638913870, 0.372827976942062, 0.108585722744465
21,0.047979764640331, 0.176161810755730, 0.009999999776483
21,0.047979854047298, 0.098888888955116, 0.047979772090912
21,0.039999999105930, 0.047979820519686, 0.047979813069105
21,0.056969705969095, 0.222626134753227, 0.097373865544796
21,0.038787946105003, 0.117575943470001, 0.065757550299168
21,0.030201992020011, 0.098888859152794, 0.030201962217689
21,0.030201992020011, 0.098888859152794, 0.030201962217689
24,0.029393920674920, 0.074343539774418, 0.029393903911114
24,0.472222149372101, 0.155454680323601, 0.056969664990902
25,0.296060532331467, 0.411717563867569, 0.098888829350471
25,0.252524703741074, 0.135757789015770, 0.029393920674920
25,0.056969646364450, 0.155959859490395, 0.050403978675604
25,0.090909048914909, 0.155959859490395, 0.050403978675604
26,0.090909048914909, 0.090909130871296, 0.019797980785370
26,0.047979746013880, 0.074343509972095, 0.029393920674920
25,0.065757535398006, 0.195050343871117, 0.069797933101654
25,1.281918644905090, 0.317070573568344, 0.472323685884476
25,1.052120089530945, 0.141818001866341, 0.268282622098923
25,1.569597005844116, 0.154646366834641, 0.038787975907326
26,0.681212604045868, 0.167272701859474, 0.038787975907326
26,0.570102035999298, 0.167272701859474, 0.058989934623241
25,0.570102035999298, 0.135757699608803, 0.038787912577391
25,0.074343614280224, 0.106666654348373, 0.009999999776483
26,0.056969672441483, 0.111111201345921, 0.029393920674920
26,0.065757498145103, 0.090909041464329, 0.029393900185823
25,0.029393909499049, 0.038787886500359, 0.029393920674920
25,0.047979809343815, 0.058990005403757, 0.000000000000000
25,0.082727245986462, 0.058990005403757, 0.000000000000000
25,0.082727245986462, 0.090909078717232, 0.019797980785370
26,0.038787927478552, 0.068181805312634, 0.019797980785370
26,0.065757505595684, 0.134444430470467, 0.038787968456745
25,0.068181753158569, 0.082727298140526, 0.047979801893234
25,0.102929316461086, 0.074343539774418, 0.074343584477901
25,0.047979753464460, 0.098888896405697, 0.074343584477901
25,0.047979753464460, 0.098888896405697, 0.029393909499049
26,0.056969661265612, 0.047979798167944, 0.074343584477901
26,0.065757505595684, 0.090909078717232, 0.038787927478552
25,0.038787920027971, 0.102929309010506, 0.047979768365622
25,0.106666699051857, 0.098888859152794, 0.065757505595684
28,0.119090862572193, 0.142525419592857, 0.038787927478552
28,0.187474593520164, 0.142525419592857, 0.038787927478552
29,0.187474593520164, 0.143333613872528, 0.074343614280224
29,0.094545565545559, 0.106666669249535, 0.082727260887623
28,0.098888866603374, 0.114242397248745, 0.019797980785370
28,0.074343517422676, 0.149090841412544, 0.082727268338203
29,0.143333643674850, 0.389495193958282, 0.174848303198814
29,0.195050418376923, 1.011211037635803, 0.119090795516968
28,0.323232203722000, 1.159191250801086, 0.119090795516968
28,0.229797646403313, 1.159191250801086, 0.236262664198875
28,0.229797646403313, 1.249598383903503, 0.207676663994789
28,0.098888896405697, 0.143333524465561, 0.106666699051857
29,0.169292896986008, 0.366060853004456, 0.179696828126907
29,0.142525434494019, 0.283939599990845, 0.131313279271126
28,0.207171931862831, 0.256969541311264, 0.131313279271126
28,0.102929547429085, 0.137777954339981, 0.131313279271126
29,0.068181753158569, 0.137777954339981, 0.047979719936848
29,0.085959523916245, 0.369293719530106, 0.098888888955116
28,0.085959523916245, 0.123131453990936, 0.038787886500359
28,0.094545632600784, 0.074343495070934, 0.065757527947426
28,0.106666631996632, 0.094545617699623, 0.082727245986462
28,0.065757498145103, 0.097373835742474, 0.029393900185823
29,0.134444490075111, 0.147070705890656, 0.085959538817406
29,0.175353661179543, 0.147070705890656, 0.085959538817406
31,0.175353661179543, 0.163535475730896, 0.247575834393501
31,3.069089651107788, 0.591516017913818, 1.151518583297729
31,0.647575020790100, 0.131313323974609, 0.056969687342644
31,0.242828175425529, 0.148990020155907, 0.038787901401520
31,0.160000100731850, 0.151515245437622, 0.085959531366825
30,0.123131461441517, 0.108585789799690, 0.019797980785370
30,0.088383778929710, 0.098888911306858, 0.082727268338203
31,0.088383778929710, 0.126363560557365, 0.082727268338203
31,0.082727275788784, 0.126363560557365, 0.074343539774418
31,0.082727275788784, 0.143333449959755, 0.082727268338203
31,0.123131401836872, 0.154646322131157, 0.038787893950939
31,0.147070646286011, 0.154646441340446, 0.056969657540321
31,0.328384250402451, 0.187474608421326, 0.094545602798462
31,0.232322767376900, 0.189495012164116, 0.065757542848587
31,0.114747583866119, 0.189495012164116, 0.065757542848587
30,0.106666654348373, 0.147070541977882, 0.038787920027971
30,0.135757640004158, 0.147070541977882, 0.047979831695557
31,0.056969676166773, 0.155454725027084, 0.049595911055803
31,0.056969676166773, 0.121616028249264, 0.056969646364450
31,0.179696828126907, 0.141818046569824, 0.074343621730804
31,0.056969657540321, 0.162020102143288, 0.047979779541492
31,0.126868709921837, 0.102929338812828, 0.068181723356247
31,0.065757505595684, 0.147070616483688, 0.047979801893234
30,0.098888881504536, 0.088383764028549, 0.047979801893234
30,0.102929383516312, 0.088383764028549, 0.047979813069105
31,0.102929383516312, 0.141818001866341, 0.167575851082802
31,0.211212217807770, 0.148990079760551, 0.111111119389534
31,0.126868695020676, 0.102929353713989, 0.065757535398006
31,0.074343547224998, 0.148990005254745, 0.029393892735243
31,0.126868635416031, 0.126363560557365, 0.074343495070934
31,0.047979813069105, 0.111111126840115, 0.065757520496845
30,0.128787919878960, 0.182222053408623, 0.065757520496845
30,0.111111253499985, 0.182222053408623, 0.019797980785370
31,0.111111253499985, 0.176161810755730, 0.009999999776483
31,0.139292761683464, 0.114242456853390, 0.068181782960892
31,0.090909034013748, 0.119090840220451, 0.047979764640331
31,0.074343547224998, 0.123131476342678, 0.065757527947426
31,0.056969653815031, 0.094545528292656, 0.090909041464329
31,0.280707001686096, 0.094545528292656, 0.090909041464329
30,0.114747673273087, 0.128787949681282, 0.114242434501648
31,0.106666684150696, 0.128787949681282, 0.065757550299168
31,0.123131521046162, 0.085959553718567, 0.090909108519554
31,0.123131521046162, 0.074343547224998, 0.056969657540321
31,0.137777775526047, 0.134949624538422, 0.090909175574780
33,0.300908803939819, 0.290505468845367, 0.121616043150425
33,0.526362359523773, 0.254141688346863, 0.114242486655712
33,0.179696828126907, 0.296060442924500, 0.056969672441483
33,0.207171782851219, 0.296060442924500, 0.056969672441483
33,0.189495027065277, 0.235454380512238, 0.106666639447212
33,0.189495027065277, 0.248080626130104, 0.114242427051067
33,0.162020042538643, 0.203131496906281, 0.065757535398006
33,0.176161721348763, 0.283232033252716, 0.094545625150204
33,0.179696768522263, 0.270201861858368, 0.065757520496845
33,0.147070750594139, 0.223333507776260, 0.038787938654423
34,0.143333494663239, 0.296565830707550, 0.056969676166773
34,0.175656735897064, 0.313131034374237, 0.056969676166773
33,0.203131496906281, 0.268282741308212, 0.114242434501648
33,0.207979902625084, 0.268282741308212, 0.047979786992073
33,0.207979902625084, 0.248383939266205, 0.111111104488373
33,0.174848377704620, 0.294545769691467, 0.019797980785370
34,0.187474668025970, 0.219292730093002, 0.082727298140526
34,0.187474623322487, 0.280706822872162, 0.094545625150204
33,0.182929471135139, 0.297373652458191, 0.094545625150204
33,0.174848318099976, 0.351009905338287, 0.085959576070309
34,0.187474697828293, 0.325151383876801, 0.085959576070309
33,0.167272642254829, 0.236262544989586, 0.141818031668663
33,0.256969630718231, 0.236262544989586, 0.074343495070934
34,0.195555731654167, 0.297373652458191, 0.056969687342644
34,0.182222098112106, 0.297373652458191, 0.074343524873257
33,0.207676663994789, 0.290404051542282, 0.082727260887623
33,0.207676663994789, 0.224141240119934, 0.058989986777306
33,0.169192016124725, 0.283939599990845, 0.047979794442654
33,0.191919252276421, 0.283939570188522, 0.111111141741276
34,0.159494802355766, 0.310606062412262, 0.085959553718567
33,0.163535624742508, 0.321110874414444, 0.065757527947426
33,0.223333507776260, 0.288484662771225, 0.065757505595684
34,0.227373972535133, 0.243535533547401, 0.065757505595684
34,0.189393952488899, 0.243535533547401, 0.038787938654423
33,0.207979902625084, 0.287980139255524, 0.111111178994179
33,0.207979902625084, 0.343838125467300, 0.065757535398006
34,0.256969630718231, 0.262626171112061, 0.102929413318634
34,0.147070601582527, 0.270202010869980, 0.128787949681282
33,0.082727298140526, 0.290505409240723, 0.056969676166773
33,0.189494952559471, 0.249999910593033, 0.056969676166773
34,0.154646366834641, 0.249999910593033, 0.106161549687386
34,0.150606289505959, 0.270201861858368, 0.094545617699623
33,0.150606289505959, 0.222222104668617, 0.047979760915041
33,0.189393982291222, 0.343434214591980, 0.126868560910225
33,0.207676649093628, 0.283232063055038, 0.068181805312634
33,0.195858612656593, 0.287980079650879, 0.065757513046265
34,0.162020102143288, 0.290505498647690, 0.065757513046265
34,0.203131496906281, 0.290505498647690, 0.065757498145103
33,0.203131496906281, 0.260504841804504, 0.097373776137829
33,0.143333479762077, 0.212121188640594, 0.065757527947426
34,0.117575868964195, 0.272727161645889, 0.085959561169147
34,0.209595844149590, 0.288787990808487, 0.155959710478783
33,0.119090728461742, 0.256464630365372, 0.065757527947426
33,0.169292867183685, 0.357474893331528, 0.102929309010506
34,0.167272552847862, 0.341312825679779, 0.102929309010506
34,0.114242427051067, 0.341312825679779, 0.070606008172035
33,0.114242427051067, 0.242424130439758, 0.162727430462837
33,0.169192031025887, 0.305454939603806, 0.065757550299168
34,0.176161795854568, 0.256969690322876, 0.090909108519554
34,0.131313279271126, 0.242828100919724, 0.119090862572193
33,0.135757803916931, 0.229797899723053, 0.069797933101654
33,0.123131461441517, 0.199090719223022, 0.069797933101654
33,0.099393986165524, 0.280706822872162, 0.085959538817406
33,0.174848467111588, 0.209595844149590, 0.085959538817406
35,0.143333524465561, 0.272727072238922, 0.090909071266651
35,0.229899197816849, 0.272727072238922, 0.114242449402809
38,0.229899197816849, 0.227373853325844, 0.143333464860916
38,0.155151695013046, 0.220100849866867, 0.126868650317192
38,0.189393937587738, 0.199898794293404, 0.098888866603374
38,0.182222053408623, 0.243535548448563, 0.121616043150425
37,0.162020131945610, 0.235454425215721, 0.121616043150425
37,0.235959768295288, 0.148989781737328, 0.114747613668442
39,0.235959768295288, 0.148989781737328, 0.079192012548447
38,0.174848347902298, 0.259696781635284, 0.121616095304489
38,0.155151680111885, 0.216060683131218, 0.119090743362904
38,0.256161808967590, 0.186969742178917, 0.090909071266651
38,0.235959798097610, 0.216060563921928, 0.098888829350471
38,0.199898734688759, 0.264545440673828, 0.142525404691696
38,0.154646471142769, 0.227373898029327, 0.142525404691696
38,0.209697052836418, 0.227373898029327, 0.135757654905319
38,0.209697052836418, 0.248080730438232, 0.074343524873257
38,0.203939422965050, 0.229899182915688, 0.074343584477901
38,0.268282681703568, 0.260504871606827, 0.090909034013748
39,0.209697112441063, 0.256969600915909, 0.134949684143066
39,0.196363762021065, 0.232323139905930, 0.141818046569824
38,0.195858672261238, 0.317070573568344, 0.141818046569824
38,0.166767641901970, 0.317070573568344, 0.106161542236805
37,0.166767641901970, 0.272727012634277, 0.141818091273308
37,0.209595859050751, 0.222222119569778, 0.119090832769871
37,0.212121054530144, 0.323636144399643, 0.094545602798462
37,0.147070616483688, 0.229797869920731, 0.142525419592857
38,0.235454410314560, 0.272626578807831, 0.142525419592857
38,0.209595903754234, 0.209595844149590, 0.074343487620354
38,0.211212337017059, 0.209595844149590, 0.141818031668663
38,0.211212337017059, 0.209595993161201, 0.131313294172287
38,0.209595754742622, 0.249999985098839, 0.135757729411125
38,0.167272701859474, 0.272727012634277, 0.141818121075630
38,0.166767627000809, 0.282828181982040, 0.147070601582527
38,0.189394056797028, 0.255656361579895, 0.135757684707642
38,0.229797750711441, 0.300100803375244, 0.135757684707642
38,0.187474682927132, 0.300100803375244, 0.135757714509964
38,0.187474682927132, 0.227878659963608, 0.065757542848587
38,0.191919133067131, 0.296060413122177, 0.135757744312286
39,0.169192060828209, 0.162727445363998, 0.139292865991592
39,0.189393997192383, 0.329192012548447, 0.098888836801052
38,0.222222119569778, 0.209595978260040, 0.098888836801052
38,0.195555731654167, 0.260504782199860, 0.149090841412544
38,0.215252369642258, 0.260504782199860, 0.134444266557693
38,0.215252369642258, 0.243535533547401, 0.162727475166321
38,0.151515215635300, 0.310707598924637, 0.149090841412544
38,0.270201802253723, 0.209595888853073, 0.111111126840115
39,0.270201891660690, 0.296565860509872, 0.134444296360016
39,0.199898809194565, 0.292929172515869, 0.134444296360016
38,0.202424019575119, 0.202020093798637, 0.174848377704620
38,0.242828026413918, 0.176161736249924, 0.114242479205132
40,0.296060442924500, 0.300100833177567, 0.155959799885750
40,0.317575633525848, 0.300100833177567, 0.242424145340919
42,0.317575633525848, 0.322828114032745, 0.155959740281105
42,0.290403872728348, 0.363636255264282, 0.209697127342224
42,0.223333537578583, 0.371313542127609, 0.219292759895325
42,0.425353467464447, 0.270303308963776, 0.239494740962982
43,0.343838095664978, 0.317575603723526, 0.239494740962982
43,0.324343591928482, 0.323232322931290, 0.149090841412544
43,0.324343591928482, 0.323232322931290, 0.171717241406441
43,0.267778098583221, 0.465050220489502, 0.229899153113365
42,0.263030052185059, 0.380201935768127, 0.250000000000000
42,0.333333104848862, 0.270201802253723, 0.167272701859474
43,0.452020198106766, 0.341312885284424, 0.236262559890747
42,0.317070543766022, 0.364747554063797, 0.243535548448563
42,0.263737559318542, 0.313131034374237, 0.126868575811386
43,0.417272984981537, 0.351111531257629, 0.203131467103958
43,0.270303308963776, 0.290403902530670, 0.128787904977798
42,0.333333015441895, 0.405959695577621, 0.128787904977798
42,0.317575544118881, 0.405959695577621, 0.216565757989883
43,0.371211767196655, 0.414141148328781, 0.141818031668663
43,0.371211767196655, 0.290505200624466, 0.162727445363998
42,0.378181964159012, 0.431817948818207, 0.155959829688072
42,0.431817770004272, 0.296060413122177, 0.187474608421326
43,0.376868724822998, 0.333333075046539, 0.213737621903419
43,0.264545410871506, 0.424242436885834, 0.213737621903419
43,0.371211767196655, 0.424242436885834, 0.162727445363998
43,0.378181964159012, 0.429899424314499, 0.162020057439804
42,0.378181964159012, 0.378182083368301, 0.128787919878960
42,0.351009935140610, 0.377373695373535, 0.199090719223022
43,0.337777674198151, 0.353434443473816, 0.155959814786911
43,0.481918990612030, 0.371313571929932, 0.183737546205521
42,0.275858461856842, 0.270303279161453, 0.183737546205521
42,0.324343562126160, 0.397071003913879, 0.162727430462837
42,0.371211826801300, 0.397071003913879, 0.143333524465561
42,0.371211826801300, 0.401918888092041, 0.134444385766983
43,0.256969630718231, 0.417777538299561, 0.082727357745171
43,0.411615878343582, 0.521616578102112, 0.268585950136185
42,0.371211737394333, 0.339797854423523, 0.193535551428795
42,0.287980228662491, 0.323636054992676, 0.189394012093544
43,0.308686673641205, 0.337777733802795, 0.193535581231117
43,0.378181934356689, 0.405959904193878, 0.193535581231117
42,0.270201832056046, 0.405959904193878, 0.171717271208763
42,0.270201832056046, 0.341312885284424, 0.243535533547401
43,0.351009756326675, 0.333333224058151, 0.167575851082802
43,0.344545572996140, 0.434343099594116, 0.236262574791908
42,0.384242087602615, 0.302626073360443, 0.222222089767456
42,0.292928993701935, 0.429899513721466, 0.222222089767456
43,0.212121218442917, 0.404444187879562, 0.161616042256355
42,0.330807775259018, 0.438788443803787, 0.187777876853943
42,0.317575544118881, 0.438788443803787, 0.142525419592857
43,0.317575544118881, 0.355151593685150, 0.228181913495064
43,0.337777674198151, 0.401918858289719, 0.147070676088333
42,0.292929083108902, 0.369293093681335, 0.213737636804581
42,0.290403872728348, 0.438788086175919, 0.222222089767456
43,0.349091112613678, 0.373737096786499, 0.222222089767456
43,0.303434133529663, 0.405151337385178, 0.162727475166321
43,0.303434133529663, 0.405151337385178, 0.191919252276421
43,0.310605823993683, 0.411615937948227, 0.182222172617912
42,0.310605823993683, 0.343030095100403, 0.135757803916931
42,0.361514896154404, 0.411717623472214, 0.216565638780594
48,0.373737156391144, 0.422120958566666, 0.260202229022980
48,0.530404746532440, 0.606060624122620, 0.300100803375244
48,0.457676976919174, 0.525252401828766, 0.300100803375244
48,0.478383392095566, 0.624646544456482, 0.340504884719849
49,0.385757446289062, 0.624646544456482, 0.280706822872162
49,0.385757446289062, 0.700101673603058, 0.233939602971077
48,0.573231995105743, 0.545858263969421, 0.274343669414520
48,0.400404125452042, 0.705454289913177, 0.265050739049911
49,0.384242177009583, 0.486768096685410, 0.351111441850662
49,0.452019929885864, 0.712727487087250, 0.351111441850662
49,0.411717623472214, 0.434343039989471, 0.315555930137634
49,0.411717623472214, 0.434343039989471, 0.191919207572937
49,0.411717623472214, 0.523636460304260, 0.236767649650574
49,0.373737096786499, 0.585858464241028, 0.262626141309738
48,0.381716907024384, 0.620606660842896, 0.364747405052185
48,0.599091827869415, 0.617777228355408, 0.274343669414520
49,0.595959186553955, 0.793536126613617, 0.209697127342224
49,0.553029894828796, 0.613636255264282, 0.209697127342224
49,0.472323864698410, 0.613636255264282, 0.290404051542282
49,0.452121764421463, 0.457677215337753, 0.256161838769913
49,0.452121764421463, 0.574847996234894, 0.255656450986862
49,0.431919723749161, 0.720807135105133, 0.344545572996140
48,0.296060413122177, 0.732930064201355, 0.229899182915688
48,0.547374308109283, 0.694545686244965, 0.288787990808487
49,0.478383541107178, 0.564040482044220, 0.288787990808487
49,0.485252261161804, 0.564040482044220, 0.250101268291473
49,0.485252261161804, 0.563535034656525, 0.248383939266205
49,0.398383945226669, 0.551414191722870, 0.277171552181244
49,0.384949386119843, 0.703434944152832, 0.167575836181641
49,0.479192256927490, 0.700605213642120, 0.526363372802734
48,0.433434188365936, 0.530404686927795, 0.337272644042969
48,0.446364015340805, 0.666262567043304, 0.337272644042969
49,0.405151456594467, 0.666262567043304, 0.248383939266205
49,0.405151456594467, 0.720303475856781, 0.249999985098839
49,0.429899394512177, 0.717070281505585, 0.270202010869980
49,0.546564996242523, 0.575757086277008, 0.256969660520554
49,0.438788294792175, 0.667070388793945, 0.209595963358879
49,0.523131072521210, 0.535353183746338, 0.209595963358879
48,0.411615967750549, 0.535353183746338, 0.274343729019165
48,0.349394023418427, 0.498889505863190, 0.284444719552994
49,0.397070944309235, 0.498889505863190, 0.308990001678467
49,0.364040136337280, 0.706666648387909, 0.235454499721527
49,0.364040136337280, 0.595049858093262, 0.310606062412262
49,0.599595665931702, 0.749898493289948, 0.357979714870453
49,0.538989305496216, 0.943029403686523, 0.270202010869980
48,0.437475144863129, 0.579697668552399, 0.247576028108597
48,0.505454242229462, 0.568080544471741, 0.355151653289795
49,0.413232356309891, 0.633838295936584, 0.288787990808487
49,0.566060304641724, 0.775252163410187, 0.389798045158386
49,0.437475025653839, 0.424646198749542, 0.320302814245224
49,0.494039952754974, 0.753131985664368, 0.320302814245224
49,0.429899305105209, 0.753131985664368, 0.317070633172989
49,0.429899305105209, 0.622627019882202, 0.283232092857361
49,0.458990007638931, 0.713030040264130, 0.254949837923050
49,0.424242317676544, 0.570808768272400, 0.203131496906281
48,0.337777614593506, 0.532828271389008, 0.353535234928131
48,0.539293587207794, 0.603939116001129, 0.317575722932816
49,0.465050220489502, 0.498585313558578, 0.317575722932816
49,0.457677423954010, 0.498585313558578, 0.315555840730667
49,0.457677423954010, 0.714646100997925, 0.458485424518585
49,0.395555675029755, 0.652121961116791, 0.369293034076691
49,0.364747554063797, 0.626262485980988, 0.284444749355316
49,0.457677036523819, 0.749090254306793, 0.216060563921928
48,0.505454242229462, 0.712222754955292, 0.357979834079742
48,0.438788175582886, 0.712222754955292, 0.357979834079742
49,0.490808188915253, 0.565252304077148, 0.323232173919678
49,0.490808188915253, 0.587778091430664, 0.329192012548447
49,0.457677155733109, 0.595858335494995, 0.310605764389038
49,0.457677155733109, 0.654040038585663, 0.256969690322876
49,0.603131115436554, 0.700101375579834, 0.268585950136185
53,0.676767289638519, 1.046869397163391, 0.452019780874252
53,0.815757751464844, 0.827879488468170, 0.317575424909592
54,0.787879586219788, 0.969698369503021, 0.297373533248901
54,0.639495849609375, 0.982929110527039, 0.297373533248901
53,0.538485229015350, 0.982929110527039, 0.304141610860825
53,0.679899632930756, 0.795454144477844, 0.424646198749542
53,0.679899632930756, 0.903434216976166, 0.270202010869980
53,0.672626137733459, 0.936868250370026, 0.337777674198151
53,0.639495909214020, 0.963231265544891, 0.329192012548447
53,0.599899888038635, 1.078383207321167, 0.485959291458130
53,0.877877891063690, 1.083938956260681, 0.426666438579559
53,0.606060504913330, 0.949494957923889, 0.426666438579559
54,0.663030862808228, 0.949494957923889, 0.401110917329788
54,0.663030862808228, 1.043535351753235, 0.323232203722000
53,0.740505397319794, 1.160706162452698, 0.341312915086746
53,0.943837881088257, 0.809999883174896, 0.349090814590454
53,0.947374999523163, 1.026667475700378, 0.244040638208389
53,0.591515719890594, 0.967576384544373, 0.357474774122238
52,1.084443211555481, 0.967576384544373, 0.357474774122238
52,0.612020313739777, 0.761211335659027, 0.327676564455032
51,0.700909674167633, 0.761211335659027, 0.317070513963699
51,0.749394118785858, 0.820605397224426, 0.355151712894440
53,0.749394118785858, 0.986263453960419, 0.243535533547401
53,0.654039919376373, 0.987778723239899, 0.283232152462006
52,0.571313798427582, 0.997474312782288, 0.305454999208450
52,0.613635957241058, 1.059695959091187, 0.264242649078369
53,0.622626841068268, 0.905455291271210, 0.264242649078369
53,0.384949356317520, 1.280402779579163, 0.272727072238922
53,0.964039802551270, 1.280402779579163, 0.452121615409851
53,0.964039802551270, 0.827879548072815, 0.345858871936798
54,0.896464169025421, 0.963231384754181, 0.308990001678467
54,0.768786787986755, 0.915049314498901, 0.349394023418427
53,0.858586788177490, 0.907473385334015, 0.345858961343765
53,0.640303671360016, 1.462123036384583, 0.330909490585327
53,0.687978982925415, 1.172122359275818, 0.330909490585327
53,0.773333847522736, 1.172122359275818, 0.323232203722000
53,0.773333847522736, 1.080706357955933, 0.324343621730804
53,0.755050122737885, 1.011716246604919, 0.340504854917526
53,0.526363193988800, 1.370809078216553, 0.431919753551483
53,0.526363193988800, 1.210503816604614, 0.276666462421417
54,1.012019634246826, 0.991817593574524, 0.353535115718842
54,0.766060054302216, 0.922323107719421, 0.353535115718842
53,0.766060054302216, 0.922323107719421, 0.401110917329788
53,0.793535351753235, 0.916666150093079, 0.398383975028992
53,0.793535351753235, 0.881211400032043, 0.303434044122696
54,0.880402982234955, 1.194342732429504, 0.300606280565262
54,0.880402982234955, 0.991009056568146, 0.296565860509872
53,0.709494590759277, 1.157472968101501, 0.391413956880569
53,0.626666367053986, 0.928889751434326, 0.315555989742279
53,0.829393088817596, 0.928889751434326, 0.313131183385849
53,0.795555591583252, 0.887271761894226, 0.341312885284424
54,0.560000360012054, 0.814039826393127, 0.262626141309738
54,0.725151300430298, 1.028685569763184, 0.262626141309738
53,1.237473487854004, 1.028685569763184, 0.349394023418427
53,1.237473487854004, 1.214039921760559, 0.292929142713547
53,1.237473487854004, 1.269799590110779, 0.305454850196838
53,0.752626597881317, 0.991513967514038, 0.426666527986526
54,0.764041304588318, 1.032221674919128, 0.425353258848190
54,0.881919324398041, 1.140504121780396, 0.425353258848190
53,0.821817100048065, 1.140504121780396, 0.310605913400650
53,0.821817100048065, 0.914241850376129, 0.300100833177567
54,0.580202579498291, 1.113029360771179, 0.376868724822998
54,0.580202579498291, 0.848484873771667, 0.337272644042969
53,0.701414346694946, 1.116767048835754, 0.243535578250885
53,0.814039826393127, 1.159092783927917, 0.282828152179718
53,0.604444503784180, 1.072322249412537, 0.310606062412262
53,0.970101892948151, 0.765556156635284, 0.310606062412262
54,0.755050063133240, 0.939292311668396, 0.330909490585327
54,0.788989067077637, 0.939292311668396, 0.270202010869980
53,0.707475125789642, 0.999090075492859, 0.283939599990845
54,0.707475125789642, 1.003130912780762, 0.340504854917526
54,0.696969330310822, 1.192324280738831, 0.391515672206879
53,0.881918907165527, 1.311514019966125, 0.300100803375244
53,0.772828161716461, 0.801615417003632, 0.239494785666466
53,0.876263260841370, 1.030708312988281, 0.239494785666466
53,0.631919920444489, 0.909090936183929, 0.435959368944168
54,0.967577219009399, 0.909090936183929, 0.330909550189972
54,0.967577219009399, 1.272727251052856, 0.330909460783005
53,0.656464159488678, 0.999999463558197, 0.380908876657486
53,0.732929706573486, 1.213231086730957, 0.461716979742050
54,0.941009283065796, 0.983738243579865, 0.276666551828384
54,0.818181335926056, 1.383736610412598, 0.404040277004242
59,1.035959243774414, 1.794344544410706, 0.452019780874252
59,1.177373051643372, 1.661715865135193, 0.452019780874252
60,1.161514401435852, 1.661715865135193, 0.398384094238281
60,1.161514401435852, 1.673839211463928, 0.526868522167206
60,0.935251474380493, 1.401615023612976, 0.506161212921143
60,1.039493799209595, 1.312728166580200, 0.477171659469604
59,1.138888359069824, 2.345862627029419, 0.492424249649048
59,0.926364719867706, 1.926767349243164, 0.481918990612030
60,1.028183460235596, 1.583335638046265, 0.481918990612030
60,1.193029046058655, 1.666566967964172, 0.568080484867096
60,1.286768555641174, 1.666566967964172, 0.515151381492615
60,1.286768555641174, 1.616567492485046, 0.492525726556778
60,1.217777013778687, 1.603534936904907, 0.531212210655212
60,0.999999642372131, 1.351109981536865, 0.522828876972198
60,1.030304551124573, 1.782927751541138, 0.492424249649048
60,1.434748649597168, 1.605150341987610, 0.445555210113525
60,0.997474312782288, 1.694850564002991, 0.445555210113525
60,0.989900231361389, 1.694850564002991, 0.557171106338501
60,1.136463642120361, 2.010100603103638, 0.395555675029755
60,1.136463642120361, 1.634244203567505, 0.371313601732254
60,1.028183341026306, 1.581716179847717, 0.389798104763031
60,1.058180570602417, 2.174849987030029, 0.490808188915253
60,0.975655674934387, 1.797982096672058, 0.467070579528809
60,0.927675962448120, 1.828282356262207, 0.543333053588867
60,1.030707716941833, 1.520301580429077, 0.543333053588867
60,1.211718201637268, 1.520301580429077, 0.578181445598602
60,1.211718201637268, 1.777777791023254, 0.531212210655212
60,1.293335437774658, 1.661714911460876, 0.430202096700668
60,1.159191608428955, 1.595961809158325, 0.640303671360016
60,1.191920995712280, 1.553436636924744, 0.559495508670807
59,1.475858569145203, 1.553938865661621, 0.557979404926300
60,1.254443526268005, 1.610001087188721, 0.557979404926300
60,1.199494361877441, 1.610001087188721, 0.461716979742050
60,1.199494361877441, 2.075150728225708, 0.599899470806122
60,1.181817650794983, 1.676769971847534, 0.430202096700668
60,1.391819596290588, 1.666666150093079, 0.536969125270844
60,1.168789505958557, 1.614546060562134, 0.417272925376892
60,0.990304589271545, 0.983433187007904, 0.417272925376892
57,0.979797422885895, 1.593840003013611, 0.244343400001526
59,0.869797050952911, 1.593840003013611, 0.613737881183624
59,1.003635168075562, 1.593840003013611, 0.357979893684387
59,1.359494924545288, 1.724747419357300, 0.446060419082642
59,1.359494924545288, 1.609192609786987, 0.560000538825989
59,0.887271821498871, 1.374143004417419, 0.470606178045273
59,0.906970322132111, 1.850099921226501, 0.557979583740234
59,0.997574865818024, 1.738988876342773, 0.522323012351990
59,0.745353996753693, 1.738988876342773, 0.522323012351990
61,1.111516833305359, 1.050506591796875, 0.502121031284332
61,1.111516833305359, 1.378887176513672, 0.566767215728760
59,1.069090127944946, 1.533234119415283, 0.472222208976746
59,1.448384881019592, 1.556667327880859, 0.502121031284332
60,1.425857543945312, 1.563230395317078, 0.456161499023438
60,1.028183341026306, 1.431415438652039, 0.436767727136612
60,0.866566658020020, 1.427878499031067, 0.436767727136612
60,1.116767764091492, 1.427878499031067, 0.539293229579926
60,1.116767764091492, 1.601918816566467, 0.417272984981537
60,0.916666209697723, 1.609192490577698, 0.570101559162140
60,1.019292354583740, 1.264241337776184, 0.559495508670807
60,1.113029718399048, 1.594343185424805, 0.461716979742050
60,1.413737773895264, 1.494949460029602, 0.425858587026596
60,0.959595501422882, 1.382928133010864, 0.425858587026596
60,1.404039978981018, 1.382928133010864, 0.502120971679688
60,1.404039978981018, 1.603534936904907, 0.411615669727325
60,0.997475802898407, 1.214039564132690, 0.512626290321350
60,0.981413304805756, 1.456463575363159, 0.430202096700668
60,1.441918730735779, 1.937274456024170, 0.631414651870728
60,0.894040167331696, 1.715556025505066, 0.663737297058105
60,1.112221121788025, 1.763535737991333, 0.663737297058105
60,0.880403220653534, 1.763535737991333, 0.461716979742050
60,0.880403220653534, 1.724846482276917, 0.389798045158386
60,0.931211531162262, 1.526867628097534, 0.477171748876572
60,1.108991503715515, 2.061012268066406, 0.525252401828766
60,0.911009728908539, 1.675151348114014, 0.360706865787506
60,0.910200774669647, 1.541312336921692, 0.638787388801575
60,1.011211276054382, 2.070706605911255, 0.638787388801575
63,1.011211276054382, 2.070706605911255, 0.465050160884857
63,1.496867656707764, 1.635959863662720, 0.566060304641724
65,1.496867656707764, 1.684345722198486, 0.640303432941437
65,1.653636574745178, 2.130403041839600, 0.411717653274536
65,0.991008937358856, 1.351109862327576, 0.472323834896088
65,1.374847769737244, 1.686868190765381, 0.457676976919174
66,1.035959839820862, 2.097374916076660, 0.498889237642288
65,0.861716628074646, 1.805557608604431, 0.516767084598541
65,1.623736858367920, 1.825759887695312, 0.522323012351990
65,0.950605094432831, 2.410002231597900, 0.522323012351990
65,1.183433294296265, 2.410002231597900, 0.599091768264771
65,1.183433294296265, 1.516262888908386, 0.577373385429382
65,1.252122044563293, 1.508181929588318, 0.537777543067932
65,1.090909123420715, 1.785356163978577, 0.644343078136444
65,1.318786978721619, 2.113537311553955, 0.759999752044678
66,1.065049767494202, 2.114243984222412, 0.628686785697937
66,1.174140810966492, 1.646466970443726, 0.628686785697937
65,1.225857615470886, 1.646466970443726, 0.557979404926300
65,1.270607352256775, 1.785355806350708, 0.497373491525650
65,1.270607352256775, 1.541311860084534, 0.517575681209564
65,1.069089531898499, 1.892829298973083, 0.376868784427643
65,1.260102987289429, 1.755456447601318, 0.551414251327515
65,0.902625024318695, 1.606060147285461, 0.527676284313202
65,1.345049738883972, 1.909093499183655, 0.527676284313202
65,1.345049738883972, 1.909093499183655, 0.506160914897919
66,1.354645490646362, 1.573638319969177, 0.345353513956070
66,1.124847292900085, 1.378887891769409, 0.566766977310181
65,1.351415872573853, 1.233433008193970, 0.565656423568726
65,0.966061234474182, 1.514748454093933, 0.640303790569305
65,1.152625083923340, 1.508181333541870, 0.458990126848221
65,1.646464228630066, 1.961514234542847, 0.755151689052582
65,1.798386216163635, 1.483938336372375, 0.755151689052582
65,1.205150842666626, 1.483938336372375, 0.764747977256775
66,1.205150842666626, 1.493332862854004, 0.562727093696594
66,0.856060087680817, 1.616163730621338, 0.551414191722870
65,0.997574985027313, 1.391011238098145, 0.525252401828766
65,1.494949460029602, 1.603537559509277, 0.845556378364563
65,1.122827291488647, 1.724749684333801, 0.845556378364563
65,1.124343156814575, 1.522726774215698, 0.598383843898773
65,0.962019383907318, 2.000000000000000, 0.654040396213531
65,0.963231503963470, 2.000000000000000, 0.566767275333405
66,0.963231503963470, 1.742523550987244, 0.522323012351990
66,1.230705857276917, 1.880705356597900, 0.539293289184570
65,1.637475728988647, 1.298079490661621, 0.577373385429382
65,1.419291615486145, 2.166765689849854, 0.538485229015350
65,1.405655860900879, 1.684342980384827, 0.538485229015350
65,1.210001468658447, 1.684342980384827, 0.588282406330109
66,1.231920003890991, 1.690809011459351, 0.497373610734940
66,1.231920003890991, 1.989800333976746, 0.457677215337753
65,1.035453915596008, 2.176160335540771, 0.591818273067474
65,1.035453915596008, 1.733738422393799, 0.557979524135590
65,1.237979292869568, 2.000406265258789, 0.612020313739777
65,1.392322301864624, 1.535759091377258, 0.505050361156464
66,1.117069363594055, 1.899396300315857, 0.542525053024292
65,1.225857615470886, 1.462221384048462, 0.663737356662750
65,1.500908255577087, 2.329193830490112, 0.663737356662750
65,1.500908255577087, 2.329193830490112, 0.612020313739777
65,1.500908255577087, 1.749089837074280, 0.896565377712250
66,1.500908255577087, 2.158685922622681, 0.527676343917847
66,1.083231687545776, 1.616163492202759, 0.522323012351990
65,1.264241456985474, 2.431917190551758, 0.519596397876740
65,1.080706357955933, 2.178183078765869, 0.519596397876740
65,1.124847531318665, 1.929292440414429, 0.557979524135590
65,1.252931118011475, 1.929292440414429, 0.498889386653900
65,1.393536686897278, 1.965253710746765, 0.618585467338562
65,1.347374796867371, 1.893332242965698, 0.543030858039856
66,1.347374796867371, 1.946969270706177, 0.430202096700668
66,1.260100603103638, 1.609696865081787, 0.507474541664124
65,1.149897456169128, 1.915556669235229, 0.545454442501068
65,1.102625012397766, 1.593840479850769, 0.545454442501068
65,1.347069978713989, 1.423332333564758, 0.667777001857758
65,1.673132181167603, 1.791515827178955, 0.667777001857758
66,1.367272138595581, 1.791515827178955, 0.603131115436554
66,1.775658369064331, 1.697375178337097, 0.663737416267395
70,1.775658369064331, 2.315558433532715, 0.516767501831055
70,1.595959544181824, 1.635959625244141, 0.652424335479736
70,1.843533754348755, 2.411618709564209, 0.591818273067474
70,2.045553684234619, 2.047982454299927, 0.613636374473572
70,1.482322812080383, 2.604446172714233, 0.699393510818481
70,2.080404043197632, 2.170806884765625, 0.674241960048676
70,1.575353741645813, 1.959191083908081, 0.616565346717834
70,1.678685665130615, 1.755456924438477, 0.616565346717834
70,1.798385500907898, 1.755456924438477, 0.819797098636627
70,1.807981252670288, 1.755456447601318, 0.606060504913330
70,1.807981252670288, 2.042321681976318, 0.845556676387787
70,1.475153088569641, 2.146564006805420, 0.522323012351990
70,2.672628164291382, 1.557980775833130, 0.741818368434906
70,1.513032078742981, 2.178182840347290, 0.741818368434906
70,1.863735318183899, 2.667071819305420, 0.692828178405762
70,1.709496498107910, 2.667071819305420, 0.663737356662750
70,2.302625417709351, 1.840302109718323, 0.701414704322815
70,2.302625417709351, 1.837980031967163, 0.911514759063721
70,2.421311140060425, 2.098080158233643, 0.856060624122620
70,1.441921234130859, 2.174849748611450, 0.839999437332153
70,1.441921234130859, 1.823840379714966, 0.568080604076385
70,1.643938899040222, 2.248083353042603, 0.568080604076385
70,1.772119879722595, 2.248083353042603, 0.704141378402710
70,1.772119879722595, 2.090810537338257, 0.643535137176514
70,1.536464095115662, 2.193534374237061, 0.773635506629944
70,1.381314873695374, 2.191008806228638, 0.502928972244263
70,1.315555334091187, 1.825856685638428, 0.698584973812103
69,1.771617293357849, 1.551920056343079, 0.698584973812103
69,1.217271804809570, 1.864243745803833, 0.805152416229248
68,1.184949517250061, 1.864243745803833, 0.515151381492615
68,1.184949517250061, 2.127173423767090, 0.835858583450317
69,1.184949517250061, 2.128787994384766, 0.848485291004181
69,1.666666150093079, 2.199089288711548, 0.512727975845337
70,1.342524170875549, 2.126869916915894, 0.512727975845337
70,1.032726526260376, 2.038788080215454, 0.667777001857758
69,1.289293766021729, 2.243536710739136, 0.667777001857758
69,2.212120771408081, 2.243536710739136, 0.747475028038025
69,2.212120771408081, 2.018082857131958, 0.633838355541229
69,1.677173852920532, 1.719598174095154, 0.497373491525650
70,1.475858569145203, 2.250002861022949, 0.512626290321350
70,1.815253019332886, 2.231412887573242, 0.906162738800049
70,1.724749922752380, 1.936968088150024, 0.906162738800049
70,1.454547882080078, 2.343434333801270, 0.575757443904877
70,1.715052485466003, 1.864243626594543, 0.793837666511536
70,1.744948983192444, 1.864243626594543, 0.687978863716125
70,1.744948983192444, 2.171716690063477, 0.612020254135132
70,1.957980275154114, 2.429901123046875, 0.668281912803650
70,1.816565632820129, 2.429901123046875, 0.894847512245178
70,2.355962514877319, 2.729698181152344, 0.714747667312622
70,1.744948983192444, 1.757172107696533, 0.676767826080322
70,1.926770091056824, 2.000000000000000, 0.676767826080322
70,1.662222623825073, 2.000000000000000, 0.709494709968567
70,1.662222623825073, 1.920303940773010, 0.724343597888947
70,1.996364712715149, 2.195557594299316, 0.955453813076019
70,1.351918816566467, 1.777777791023254, 0.755050480365753
70,1.500099062919617, 2.472225189208984, 0.691313445568085
70,1.597877740859985, 1.931719064712524, 0.691313445568085
70,1.876669168472290, 1.895354628562927, 0.810504496097565
70,1.581716656684875, 1.895354628562927, 0.981413125991821
70,1.581716656684875, 2.135756015777588, 0.795555472373962
70,1.735254645347595, 2.450103759765625, 0.779393136501312
70,1.988988518714905, 1.736969470977783, 0.658181190490723
70,1.623836755752563, 2.631412506103516, 0.946566820144653
70,2.037978172302246, 2.293335199356079, 0.946566820144653
70,2.056970834732056, 2.256967782974243, 0.793837666511536
71,1.515151500701904, 2.256967782974243, 0.780201375484467
71,1.515151500701904, 1.875152587890625, 0.846060574054718
70,2.098891735076904, 2.410000801086426, 0.955453813076019
70,1.629395604133606, 2.383432388305664, 0.854444205760956
70,2.155958175659180, 1.968786835670471, 1.096866607666016
70,1.763534903526306, 2.159497261047363, 1.096866607666016
70,1.763534903526306, 2.159497261047363, 0.768786787986755
70,1.980911254882812, 1.727272272109985, 0.728383064270020
70,2.030709505081177, 2.058990001678467, 0.733231902122498
70,2.030709505081177, 2.209694862365723, 0.567272126674652
70,1.471819519996643, 2.135756015777588, 0.830706596374512
70,1.493334412574768, 2.022628307342529, 0.680707693099976
70,1.727272272109985, 2.020608425140381, 0.643535137176514
70,1.727272272109985, 2.249999523162842, 0.643535137176514
72,2.046062231063843, 2.249999523162842, 0.805656075477600
72,2.046062231063843, 2.232224941253662, 0.764747619628906
72,2.209695339202881, 1.874345064163208, 0.809190928936005
72,2.593436479568481, 2.148992538452148, 0.809190690517426
73,1.609698057174683, 2.094041824340820, 0.871110796928406
73,2.086465835571289, 2.656466722488403, 0.822121918201447
72,2.454447507858276, 2.429392099380493, 0.822121918201447
72,1.828282356262207, 1.921109795570374, 0.819797217845917
73,2.058990955352783, 1.921109795570374, 0.858586192131042
73,2.058990955352783, 2.072322130203247, 0.812525093555450
72,2.539796829223633, 2.221817016601562, 0.854444205760956
72,2.680406093597412, 2.695354461669922, 0.894848227500916
73,1.933233261108398, 2.696969747543335, 0.894848227500916
73,1.595961809158325, 2.955453634262085, 0.652424275875092
72,1.664141416549683, 2.515053272247314, 0.704141557216644
72,2.146564006805420, 2.288486719131470, 0.734949767589569
72,1.816062331199646, 2.288486719131470, 1.027374625205994
73,1.816062331199646, 2.545049428939819, 0.668586432933807
73,2.714646577835083, 1.884445786476135, 0.663737356662750
72,2.148992776870728, 2.181820392608643, 0.899394810199738
72,2.591516733169556, 2.718787670135498, 0.876262605190277
73,1.516766667366028, 2.931719541549683, 0.876262605190277
73,2.452119112014771, 2.931719541549683, 0.846060872077942
72,2.452119112014771, 2.066263437271118, 0.896565139293671
72,2.578891754150391, 2.050406932830811, 0.845556020736694
73,2.240808010101318, 2.287978172302246, 1.087981104850769
73,2.256164312362671, 1.979797959327698, 0.888889789581299
73,1.993536949157715, 2.039999008178711, 1.037878274917603
73,2.761516332626343, 2.175657749176025, 1.037878274917603
72,2.353534936904907, 2.687983274459839, 0.909090518951416
72,2.031918048858643, 2.687983274459839, 0.798384547233582
73,2.031918048858643, 2.674342632293701, 0.982221603393555
73,2.272726774215698, 2.753134012222290, 0.780201554298401
73,2.849598169326782, 2.654139995574951, 1.076665759086609
73,3.516265869140625, 3.378889560699463, 0.840807616710663
76,3.634745359420776, 3.205660820007324, 0.840807616710663
76,4.114750862121582, 2.801920175552368, 0.834241926670074
75,3.860509157180786, 2.801920175552368, 0.870302200317383
75,3.860509157180786, 2.555558443069458, 1.051615118980408
76,2.767270565032959, 2.977275133132935, 1.081213712692261
76,3.919593572616577, 1.978181600570679, 0.773636221885681
75,5.179302215576172, 2.886464118957520, 0.773636221885681
75,4.155964374542236, 4.414542675018311, 1.478383183479309
76,4.835862159729004, 3.129192352294922, 1.268281817436218
76,5.092833518981934, 3.460205078125000, 1.048080325126648
75,3.704550504684448, 3.460205078125000, 0.964040219783783
75,3.704550504684448, 3.343837738037109, 0.941817522048950
76,4.187477588653564, 3.838786363601685, 0.961211323738098
76,5.017782211303711, 3.733738422393799, 1.487272977828979
76,5.327682971954346, 2.828285694122314, 1.159090518951416
76,3.785359144210815, 3.496569156646729, 1.159090518951416
75,3.948590278625488, 3.496569156646729, 1.050506472587585
75,5.932933330535889, 3.812529563903809, 1.101011514663696
76,5.932933330535889, 3.193033456802368, 0.986971139907837
76,3.816056013107300, 3.584952354431152, 0.835858583450317
78,2.486766338348389, 3.269795656204224, 1.189493775367737
78,1.688483834266663, 3.704651832580566, 1.340908646583557
78,2.545457363128662, 3.825760602951050, 0.910201013088226
78,2.547881364822388, 3.949393033981323, 1.266261458396912
78,1.754645943641663, 3.006465673446655, 1.118787050247192
