0,0.000000000000000, 0.000000000000000, 0.000000000000000
0,0.000000000000000, 0.074343614280224, 0.242424130439758
0,0.019797980785370, 0.126868680119514, 0.212121099233627
0,0.019797980785370, 0.135757803916931, 0.219798162579536
0,0.029393900185823, 0.123131319880486, 0.244343414902687
0,0.088383801281452, 0.155454725027084, 0.244343414902687
0,0.029393920674920, 0.090909078717232, 0.246060788631439
7,0.029393920674920, 0.090909078717232, 0.244343385100365
7,0.264545500278473, 0.250101447105408, 0.229797944426537
21,0.175353661179543, 0.169292896986008, 0.226666674017906
21,0.200404137372971, 0.199090719223022, 0.237979635596275
22,0.049595914781094, 0.121615998446941, 0.252121001482010
22,0.038787938654423, 0.090909138321877, 0.246060803532600
22,0.058989971876144, 0.141817986965179, 0.240302830934525
22,0.242020025849342, 0.126868575811386, 0.237979650497437
22,0.242020025849342, 0.223333492875099, 0.248888820409775
22,1.056464076042175, 0.288484752178192, 0.248888820409775
21,1.107475876808167, 0.119090735912323, 0.328384310007095
21,0.108585789799690, 0.119090735912323, 0.242424130439758
22,0.069797933101654, 0.135757744312286, 0.252424538135529
22,0.927171826362610, 0.162727445363998, 0.252424538135529
21,1.326867818832397, 1.017676711082458, 0.957977831363678
21,1.326867818832397, 0.207979902625084, 0.323232233524323
22,1.084443807601929, 0.445555031299591, 0.323232233524323
22,0.772827684879303, 0.445555031299591, 0.333333343267441
22,0.189393803477287, 0.121616110205650, 0.249999880790710
22,1.783739328384399, 0.577373564243317, 0.474645942449570
22,1.399596095085144, 0.314747810363770, 0.237979635596275
22,1.231921076774597, 0.329192012548447, 0.343434154987335
21,0.566060364246368, 0.219292744994164, 0.252525240182877
21,0.566060364246368, 0.219292759895325, 0.242424100637436
22,0.348586380481720, 0.290403962135315, 0.735757231712341
22,1.646464347839355, 0.351010113954544, 0.735757231712341
22,0.242019981145859, 0.106161572039127, 0.249999865889549
22,0.258989691734314, 0.106161572039127, 0.235454410314560
22,1.774142503738403, 0.639999628067017, 0.553030192852020
22,0.106666602194309, 0.378182142972946, 0.242424145340919
22,1.029899239540100, 0.175656571984291, 0.246060803532600
22,0.760707020759583, 0.169292896986008, 0.248888820409775
22,0.760707020759583, 0.397879272699356, 0.272323012351990
23,0.161211892962456, 0.139292851090431, 0.272323012351990
23,0.600405156612396, 0.135757759213448, 0.258181691169739
27,0.200404122471809, 0.135757759213448, 0.244343385100365
27,0.199898838996887, 0.149090826511383, 0.246060788631439
28,0.134444400668144, 0.161616057157516, 0.247576013207436
28,0.130404099822044, 0.142525434494019, 0.250909179449081
27,0.130404099822044, 0.184242486953735, 0.250909179449081
27,0.166767597198486, 0.184242531657219, 0.250909179449081
28,0.157980054616928, 0.202020108699799, 0.246060803532600
28,0.235959768295288, 0.202020108699799, 0.252424538135529
29,0.108585812151432, 0.250101238489151, 0.232727035880089
29,0.212121084332466, 0.270303368568420, 0.251616418361664
31,0.723636448383331, 0.222222104668617, 0.252525240182877
31,0.222626075148582, 0.329192012548447, 0.244343444705009
32,0.157979890704155, 0.214545592665672, 0.250909179449081
32,0.169191807508469, 0.213737621903419, 0.249999880790710
33,0.247575849294662, 0.203939482569695, 0.240302801132202
33,0.247575849294662, 0.128787949681282, 0.244343400001526
33,0.207171738147736, 0.182929486036301, 0.251616418361664
35,0.180202111601830, 0.182929486036301, 0.251616418361664
35,0.426161974668503, 0.209697142243385, 0.252525240182877
38,0.923635840415955, 0.207676663994789, 0.292828738689423
38,0.797979354858398, 0.195858642458916, 0.298585683107376
39,0.555454313755035, 0.195858642458916, 0.300908803939819
39,0.854141533374786, 0.155959829688072, 0.353131115436554
41,0.639999449253082, 0.219292730093002, 0.250909179449081
41,0.651616811752319, 0.199090719223022, 0.282828181982040
41,0.708990395069122, 0.187474593520164, 0.252424538135529
43,0.672324061393738, 0.215252369642258, 0.272626549005508
43,0.672324061393738, 0.292929172515869, 0.318787723779678
44,0.654040336608887, 0.216060549020767, 0.291313230991364
44,0.880403161048889, 0.256464570760727, 0.312727063894272
44,0.644343078136444, 0.189495101571083, 0.312727063894272
44,0.905455291271210, 0.189495101571083, 0.262626081705093
44,0.971615791320801, 0.228181913495064, 0.290403932332993
44,0.607980489730835, 0.272727161645889, 0.290403932332993
46,0.587778329849243, 0.204444572329521, 0.264545410871506
46,0.587778329849243, 0.254141688346863, 0.272323042154312
46,0.809190750122070, 0.355151742696762, 0.272323042154312
46,0.826162040233612, 0.250000000000000, 0.325151383876801
47,0.705454349517822, 0.250000000000000, 0.353535354137421
47,0.767272949218750, 0.233939662575722, 0.270201891660690
48,0.920807361602783, 0.351111531257629, 0.331717252731323
48,0.967576861381531, 0.355959892272949, 0.373636543750763
49,0.967576861381531, 0.242424145340919, 0.292020469903946
49,0.795454978942871, 0.444444328546524, 0.287980139255524
49,0.785758137702942, 0.323232203722000, 0.287980139255524
49,0.888485670089722, 0.323232203722000, 0.332929104566574
50,1.262524247169495, 0.341312885284424, 0.332929104566574
50,1.646464228630066, 0.425353199243546, 0.270201891660690
52,1.616161584854126, 0.425353199243546, 0.372828334569931
52,1.111516475677490, 0.376868844032288, 0.407676607370377
53,1.919191956520081, 0.405151277780533, 0.329696834087372
53,1.476665616035461, 0.380908936262131, 0.310605943202972
55,1.476665616035461, 0.568080782890320, 0.312727063894272
56,1.542931437492371, 0.591818273067474, 0.312727063894272
56,1.965254545211792, 0.593535900115967, 0.454141199588776
56,1.868686437606812, 0.593535900115967, 0.411616057157516
56,1.999595761299133, 0.848485946655273, 0.413737177848816
56,2.106667757034302, 1.071816921234131, 0.390302985906601
58,2.106667757034302, 1.569597005844116, 0.383838087320328
58,2.440809249877930, 1.541312336921692, 0.383838087320328
60,1.913534402847290, 1.613232731819153, 0.512626171112061
61,1.946972012519836, 1.517575860023499, 0.523131012916565
61,2.623332262039185, 1.724846601486206, 0.654040396213531
63,2.336467266082764, 1.724846601486206, 0.530404627323151
63,1.846059203147888, 1.280303001403809, 0.535252213478088
64,2.271817207336426, 0.911514759063721, 0.569292247295380
64,2.183735609054565, 0.977373301982880, 0.575656414031982
65,1.989800333976746, 0.951918542385101, 0.636262357234955
65,2.438284158706665, 0.941817641258240, 0.572121679782867
67,2.438284158706665, 0.943334341049194, 0.599091589450836
67,2.143029212951660, 0.929293870925903, 0.575656235218048
68,2.591819286346436, 0.850100040435791, 0.755959510803223
68,2.163534164428711, 0.809191167354584, 0.553939521312714
68,2.931213140487671, 0.748585045337677, 0.553939521312714
68,3.500907897949219, 0.753433227539062, 0.693334102630615
68,2.527678728103638, 0.753433227539062, 0.857675850391388
66,2.747477769851685, 1.063029646873474, 0.757171928882599
66,2.162022352218628, 0.838384151458740, 0.508686542510986
63,1.441921234130859, 0.911514580249786, 0.583737015724182
63,1.614545583724976, 1.145857572555542, 0.555959343910217
62,1.614545583724976, 1.197575211524963, 0.530404508113861
62,1.825757622718811, 1.448384881019592, 0.530404508113861
60,2.005959272384644, 1.363635897636414, 0.553939521312714
60,2.319597244262695, 1.363635897636414, 0.474747478961945
57,1.696972012519836, 1.050910592079163, 0.432727396488190
57,1.656971454620361, 0.808485627174377, 0.313030749559402
56,1.656971454620361, 0.532929956912994, 0.411615878343582
56,1.462123274803162, 0.585858464241028, 0.433434337377548
54,1.710707664489746, 0.430202096700668, 0.433434337377548
54,1.294847607612610, 0.283232122659683, 0.313131302595139
53,0.777777314186096, 0.283232122659683, 0.349898904561996
53,1.069089055061340, 0.340504854917526, 0.310605943202972
49,0.713030159473419, 0.290403693914413, 0.280706822872162
49,0.684747338294983, 0.256464511156082, 0.310605913400650
49,0.651616752147675, 0.313131153583527, 0.330807954072952
49,0.524848282337189, 0.264545321464539, 0.264545381069183
46,0.524848282337189, 0.213737666606903, 0.260504812002182
45,0.515151083469391, 0.209696993231773, 0.332929104566574
45,0.524848282337189, 0.187474682927132, 0.290403932332993
44,0.482726961374283, 0.270202010869980, 0.272626638412476
44,0.452020078897476, 0.191919177770615, 0.272626638412476
45,0.449596524238586, 0.196363717317581, 0.248888820409775
45,0.550606727600098, 0.196363717317581, 0.252424538135529
41,0.490000605583191, 0.204444557428360, 0.272626638412476
41,0.247576206922531, 0.187777876853943, 0.252424538135529
35,0.195555731654167, 0.135757818818092, 0.246060788631439
35,0.195555731654167, 0.111111141741276, 0.242424130439758
31,0.148989796638489, 0.199090719223022, 0.242424130439758
31,0.128787815570831, 0.135757803916931, 0.250909179449081
25,0.069797918200493, 0.135757803916931, 0.232727065682411
25,0.000000000000000, 0.098888851702213, 0.252424538135529
21,0.009999999776483, 0.082727298140526, 0.251616418361664
21,0.020202020183206, 0.056969691067934, 0.251616418361664
17,0.020202020183206, 0.065757513046265, 0.251616418361664
17,0.009999999776483, 0.082727305591106, 0.252121001482010
14,0.000000000000000, 0.074343577027321, 0.252121001482010
14,0.039999999105930, 0.038787938654423, 0.252424538135529
16,0.009999999776483, 0.038787938654423, 0.240302801132202
16,0.019797980785370, 0.121616102755070, 0.252525240182877
27,0.097373768687248, 0.193535551428795, 0.250909179449081
27,0.191010355949402, 0.135757789015770, 0.248888820409775
34,0.167272716760635, 0.148990049958229, 0.250909179449081
34,0.382222324609756, 0.171717301011086, 0.251616418361664
36,0.382222324609756, 0.119090870022774, 0.250909179449081
36,0.222626000642776, 0.184242576360703, 0.250909179449081
36,0.292929202318192, 0.184242576360703, 0.237979650497437
36,0.301414251327515, 0.135757714509964, 0.330807954072952
39,0.401918917894363, 0.182929471135139, 0.272727280855179
40,0.417272895574570, 0.148990035057068, 0.272323042154312
40,0.371212005615234, 0.207979902625084, 0.252424538135529
42,0.371212005615234, 0.148990079760551, 0.272323042154312
42,0.414040565490723, 0.213737607002258, 0.272323042154312
42,0.535353124141693, 0.213737607002258, 0.272626638412476
43,0.446363866329193, 0.189393937587738, 0.272727280855179
43,0.550606667995453, 0.187777876853943, 0.269090801477432
43,0.587778389453888, 0.262626141309738, 0.270201891660690
45,0.584242522716522, 0.216060578823090, 0.270201891660690
45,0.591010689735413, 0.263737559318542, 0.287980079650879
45,0.591010689735413, 0.234747678041458, 0.250909179449081
45,0.664545297622681, 0.242424130439758, 0.311515241861343
47,0.664545297622681, 0.300100803375244, 0.264545410871506
47,0.518787384033203, 0.297373622655869, 0.330807954072952
46,0.741818130016327, 0.300100803375244, 0.330807954072952
46,0.619293570518494, 0.300100803375244, 0.270201891660690
47,0.668586373329163, 0.220100790262222, 0.272727280855179
47,0.494040369987488, 0.256464481353760, 0.272626578807831
47,0.818181335926056, 0.239494785666466, 0.309494674205780
47,0.818181335926056, 0.383838266134262, 0.331717252731323
49,0.756665766239166, 0.335757821798325, 0.351009994745255
49,0.821817398071289, 0.295353889465332, 0.351009994745255
50,0.785758018493652, 0.295353889465332, 0.393838673830032
50,0.882423460483551, 0.357474803924561, 0.310605943202972
52,0.833434104919434, 0.406464815139771, 0.372828364372253
52,1.062221169471741, 0.334949761629105, 0.266262829303741
52,1.062221169471741, 0.391414135694504, 0.353434592485428
52,0.868283510208130, 0.375353574752808, 0.353434592485428
52,0.837474107742310, 0.337272614240646, 0.312727063894272
52,0.999090015888214, 0.337272614240646, 0.393535137176514
53,0.989496409893036, 0.369596034288406, 0.351919263601303
53,1.277877330780029, 0.337272614240646, 0.351009994745255
53,1.160706043243408, 0.389798045158386, 0.555555582046509
53,1.454951286315918, 0.505050361156464, 0.373636543750763
54,1.454951286315918, 0.587474346160889, 0.427878648042679
54,1.434343457221985, 0.617777109146118, 0.427878648042679
56,1.351918220520020, 0.617777109146118, 0.404040187597275
56,1.864243984222412, 0.810504496097565, 0.371212005615234
57,2.150604963302612, 0.795555353164673, 0.372828394174576
57,2.174850463867188, 1.163231492042542, 0.494949489831924
59,2.174850463867188, 2.088383913040161, 0.393535137176514
59,2.510199546813965, 1.552626848220825, 0.535353541374207
60,2.438283681869507, 1.674648761749268, 0.535353541374207
61,2.406466960906982, 1.287271618843079, 0.655655980110168
61,1.807981133460999, 1.287271618843079, 0.533737480640411
63,2.131312608718872, 1.320807218551636, 0.612525880336761
63,1.959191083908081, 1.092524409294128, 0.511515498161316
64,1.900907993316650, 1.056463479995728, 0.534443974494934
64,2.332422971725464, 1.006465554237366, 0.720303714275360
64,2.545861482620239, 0.982928931713104, 0.494040101766586
64,2.545861482620239, 0.862526118755341, 0.732424557209015
63,1.796364188194275, 0.947070062160492, 0.732424557209015
63,2.122325181961060, 0.957070231437683, 0.534949302673340
62,2.126870870590210, 0.957070231437683, 0.656464219093323
62,2.038788557052612, 1.757577776908875, 0.444444179534912
59,2.078688859939575, 1.399898290634155, 0.494040042161942
59,1.716768264770508, 1.017677903175354, 0.405959695577621
57,1.716768264770508, 0.721111655235291, 0.331717282533646
