103.1	78.3	1	0
102.8	78.4	1	0
91.2	78.4	1	0
100.7	78.4	1	0
100.6	78.4	1	0
100.7	78.4	1	0
100.9	78.4	1	0
101	78.4	1	0
101.3	78.4	1.1	0
101	78.4	1	0
100.6	78.4	1	0
100.8	78.3	1.1	0
100.6	78.4	1	0
92.2	78.4	1	0
92.5	78.3	1	0
92.8	78.4	1.1	0
93.2	78.4	1	0
93.5	78.3	1	0
93.5	78.3	1	0
102.9	78.3	1	0
102.8	78.4	1	0
102.8	78.3	1	0
103.2	78.3	1.1	0
103.3	78.3	1	0
103.2	78.3	1	0
103.7	78.3	1.1	0
95	78.3	1	0
102.1	78.3	1	0
101.4	78.2	1.1	0
92	78.3	1	0
101.5	78.2	1	0
101.1	78.2	1	0
100.7	78.2	1	0
100.5	78.2	1	0
101	78.2	1	0
83.9	78.2	1	0
90.2	78.2	1	0
96.2	78.3	1	0
96.4	78.3	1	0
97	78.3	1	0
102.7	78.3	1	0
102.9	78.3	1	0
103.2	78.3	1	0
102.8	78.3	1	0
93.4	78.3	1	0
93.7	78.3	1	0
103.3	78.4	1	0
103.1	78.3	1	0
102.9	78.4	1	0
102.6	78.4	1	0
102.8	78.3	1	0
103.2	78.4	1	0
102.8	78.4	1	0
97.4	78.3	1	0
97.3	78.4	1	0
97.3	78.4	1	0
97.6	78.4	1	0
97.2	78.4	1	0
85.1	78.4	1	0
85	78.4	1	0
97.2	78.4	1	0
97.6	78.3	1	0
97.2	78.3	1	0
87.9	78.4	1	0
88	78.4	1	0
88	78.3	1	0
76.4	78.3	1	0
104.3	78.3	1	0
94.4	78.3	1	0
82.1	78.3	1	0
82.5	78.3	1	0
82.8	78.3	1	0
95.8	78.4	1	121.4
101.7	78.4	1	0
101.7	78.4	1	0
102	78.4	1	121.6
93.8	78.4	1	0
101.3	78.4	1	0
101.5	78.3	1	121.5
102	78.4	1	0
108.2	78.4	1	21.6
100.9	78.4	1	5.9
100.6	78.4	1	0
93.4	78.4	1	0
104.9	78.4	1	0
104.9	78.4	1	0
105.2	78.4	1	0
110.6	78.4	1	0
110.5	78.4	1	0
110.2	78.4	1	0
95.2	78.4	1	0
104.1	78.4	1	0
103.7	78.4	1	0
104	78.4	1	0
103.7	78.4	1	0
103.2	78.4	1	0
102.7	78.4	1	0
102.8	78.4	1	0
102.5	78.4	1	0
102.7	78.4	1	0
103.1	78.5	1	0
103.4	78.5	1	0
103.5	78.5	1	0
103.1	78.5	1	0
94.8	78.5	1	0
95.3	78.5	1	0
103.3	78.5	1.1	0
103.8	78.5	1	0
104	78.5	1	0
104.3	78.5	1	0
104.5	78.5	1	0
104.6	78.5	1	0
104.3	78.5	1	0
103.8	78.5	1.1	0
103.7	78.5	1	0
110.4	78.5	1	0
102.9	78.4	1.1	0
102.9	78.4	1	0
102.2	78.5	1	0
102	78.4	1	0
102.5	78.4	1.1	0
107.7	78.5	1	0
101.3	78.5	1	0
101.3	78.5	1	0
101.2	78.5	1	0
101	78.5	1	0
110.6	78.5	1	0
110.8	78.5	1	0
110.7	78.4	1.1	0
110.3	78.4	1	0
109.9	78.5	1	0
110	78.5	1.1	0
109.8	78.4	1	0
110.1	78.4	1	0
109.9	78.5	1.1	0
102.3	78.5	1	0
108	78.4	1	0
108.2	78.4	1	0
63.9	78.5	1	0
63.4	7.8	1	0
18.6	78.5	1	0
6.6	78.5	1	0
6.1	78.5	1	0
5.8	78.5	1.1	0
5.4	121.5	1	0
5.2	78.5	1	0
4.9	78.5	1.1	0
4.7	78.5	1	0
4.5	78.6	1	0
4.4	78.5	1	0
4.2	121.4	1	0
4.1	78.5	1.1	0
4	78.6	1	0
3.9	78.6	1	0
3.8	78.6	1	0
3.7	59.1	1	0
3.6	67.5	1	0
3.6	121.6	1	0
3.5	0	1.1	0
3.5	0	1	0
3.5	0	1	0
3.4	0	1	0
3.4	121.6	1.1	5.9
3.4	0	1	0
3.4	0	1	0
3.4	0	1.1	0
3.3	0	1	0
3.3	0	1	0
3.3	0	1	0
3.3	0	1	0
3.3	121.7	1	0
3.3	0	1	3.3
3.3	0	1.1	0.3
3.3	0	1	34.7
3.3	0	1	121.6
3.2	0	1.1	53.6
3.3	0	1	35.4
3.3	0	1	35.4
3.2	0	1.1	35.6
3.2	0	1	35.6
3.2	0	1	36
3.2	0	1	36
3.2	0	1	121.5
3.2	0	1	36.5
3.2	121.5	1.1	36.5
3.2	0	1	36.5
3.2	0	1	36.5
3.3	0	1.1	36.8
3.3	0	1	36.9
3.2	121.5	1	55.2
3.2	121.6	1.1	55.2
3.2	0	1	37.1
3.3	0	1	37.1
3.3	0	1	37.2
3.2	121.5	1	37.3
3.3	0	1	37.3
3.3	0	1	37.4
3.2	0	1.1	37.4
3.2	0	1	37.5
3.2	0	1	37.5
3.2	0	1	37.5
3.2	0	1.1	37.6
3.2	0	1	37.6
3.3	0	1	37.7
3.3	0	1.1	37.7
3.2	121.6	1	37.7
3.2	0	1	37.8
3.3	0	1	37.8
3.3	0	1	37.8
3.2	121.7	1	37.8
3.2	0	1	37.9
3.2	0	1	121.7
3.2	0	1.1	121.7
3.3	0	1	121.7
3.3	0	1	38
3.2	0	1	121.5
3.3	0	1.1	38
3.3	0	1	38.1
3.2	0	1	38.1
3.3	0	1	38.1
3.3	121.8	1.1	121.8
3.2	0	1	38.1
3.2	121.8	1	38.1
3.2	0	1	1.2
3.3	0	1	56
3.3	121.8	1	56
3.2	0	1	38.2
3.2	0	1	38.2
3.3	0	1.1	38.2
3.3	0	1	38.2
3.3	0	1	38.2
3.3	0	1	38.2
3.2	121.8	1	121.9
3.2	0	1	121.9
3.2	0	1.1	38.2
3.3	0	1	38.2
3.3	0	1	38.3
3.2	0	1	38.3
3.3	0	1	38.3
3.3	0	1	55.9
3.3	121.9	1	12.9
3.3	121.9	1	38.3
3.2	0	1	38.2
3.2	121.9	1	121.9
3.2	121.9	1.1	38.3
3.3	0	1	38.3
3.3	0	1	38.2
3.2	0	1	38.2
3.3	0	1	38.2
3.3	121.9	1.1	38.2
3.2	0	1	38.2
3.3	0	1	121.9
3.3	0	1.1	3.2
3.2	0	1	3.2
3.2	0	1	38.2
3.2	0	1	38.1
3.2	0	1	38.1
3.3	12.9	1	38.1
3.3	121.9	1	38.1
3.3	122	1	38.1
3.3	0	1.1	38.1
3.2	0	1	55.7
3.3	0	1	38
3.3	0	1	121.9
3.2	121.8	1	38
3.2	0	1.1	121.8
3.2	0	1	38
3.2	0	1	38
3.3	121.8	1	37.9
3.3	0	1	37.9
3.3	0	1.1	37.9
3.3	0	1	37.9
3.2	0	1	37.8
3.2	0	1	121.7
3.3	0	1	121.7
3.3	0	1	121.8
3.2	0	1	3.7
3.2	0	1	121.6
3.2	0	1.1	37.7
3.3	0	1	37.7
3.3	0	1	37.7
3.2	121.8	1.1	37.7
3.3	121.8	1	37.7
3.3	0	1	37.7
3.2	0	1.1	37.6
3.3	0	1	37.6
3.3	0	1	121.8
3.2	0	1	37.6
3.2	0	1	37.6
3.2	0	1	37.5
3.3	121.7	1	37.5
3.3	0	1.1	37.5
3.3	0	1	37.5
3.3	0	1	37.4
3.2	0	1.1	37.4
3.3	0	1	37.4
3.3	12.7	1	37.4
3.2	0	1.1	37.4
3.2	0	1	37.4
3.2	0	1	37.3
3.3	0	1	37.3
3.3	0	1	37.3
3.2	0	1	37.3
3.3	0	1	37.3
3.3	0	1	37.3
3.3	121.8	1.1	37.2
3.3	0	1	37.2
3.2	0	1	37.2
3.2	0	1	37.2
3.2	0	1.1	37.1
3.3	0	1	37.1
3.3	0	1.1	37.1
3.2	121.8	1	37.1
3.3	0	1	3.7
3.3	0	1	37.1
3.2	0	1	37
3.2	0	1	37
3.2	0	1	37
3.3	0	1.1	37
3.3	0	1	37
3.3	0	1	37
3.3	121.8	1.1	36.9
3.3	0	1	36.9
3.3	0	1	36.9
3.2	0	1	36.9
3.2	121.8	1.1	36.9
3.2	0	1	36.8
3.3	0	1	36.8
3.3	0	1	36.8
3.3	0	1	36.8
3.3	0	1	36.8
3.3	121.8	1	36.8
3.3	121.8	1.1	36.8
3.2	0	1	36.7
3.2	0	1.1	36.7
3.2	0	1	36.7
3.3	0	1	36.7
3.3	0	1.1	36.7
3.3	121.7	1	36.7
3.3	0	1	36.6
3.3	121.8	1	36.6
3.3	0	1	36.6
3.2	0	1	36.6
3.2	0	1.1	36.6
3.2	0	1	36.6
3.2	0	1	36.5
3.3	0	1	36.5
3.3	0	1.1	36.5
3.2	0	1	36.5
3.3	0	1	36.5
3.3	0	1.1	36.5
3.3	0	1	36.4
3.3	0	1	36.4
3.2	0	1	36.4
3.2	0	1	36.4
3.3	0	1.1	36.4
3.3	0	1	36.4
3.3	0	1	36.4
3.3	121.9	1.1	36.3
3.3	0	1	36.3
3.3	0	1	36.3
3.2	0	1.1	36.3
3.2	0	1	36.3
3.2	0	1	36.3
3.3	0	1	36.3
3.3	0	1	36.3
3.3	0	1	36.3
3.3	0	1.1	36.3
3.3	0	1	36.2
3.3	0	1.1	36.2
3.2	0	1	36.2
3.2	0	1	36.2
3.3	0	1.1	36.2
3.3	0	1	36.2
3.2	0	1	36.2
3.3	0	1	36.2
3.3	122	1	36.1
3.3	0	1.1	36.2
3.3	0	1	36.1
3.2	0	1	36.1
3.2	0	1.1	36.1
3.3	0	1	36.1
3.3	0	1.1	36.1
3.3	0	1	36.1
3.3	0	1	36.1
3.3	0	1	36.1
3.3	0	1	36.1
3.2	0	1	36.1
3.2	0	1.1	36
3.3	0	1	36
3.3	0	1	36
3.3	0	1.1	36
3.3	0	1	36
9	0	1	36
45.5	0	1	36
225.9	0	1	36
80.2	0	1.1	35.9
63.5	0	1	35.9
63.2	0	1	35.9
63	0	1	35.9
62.8	0	1	35.9
62.6	0	1	35.9
62.5	0	1	35.9
83.7	0	1	35.9
98.9	0	1	35.9
99	0	1	35.8
64.5	0	1	35.8
64.7	0	1	35.8
78.2	0	1	35.8
78.2	0	1	35.8
77.6	0	1	35.8
89.8	0	1	35.8
90.2	0	1	35.8
75.8	0	1	35.8
87.9	0	1	35.7
87.6	0	1	35.7
87.7	0	1	35.7
96.2	0	1	35.7
77.8	0	1	35.7
68.3	0	1	35.7
68.8	0	1	35.7
69	0	1.1	35.7
80.8	0	1	35.7
70.1	0	1	35.7
92.4	0	1	35.7
98.8	0	1	35.7
98.6	0	1	35.7
98.5	0	1	35.6
98.4	0	1	35.6
98	0	1	35.6
97.9	0	1	35.6
97.6	0	1	35.6
97.6	0	1	35.6
97.7	0	1	35.6
97.8	0	1	35.5
98.1	0	1	35.5
98	0	1	35.5
98.3	0	1	35.5
98.1	0	1	35.5
97.9	0	1	35.5
98	0	1	35.5
97.7	0	1	35.4
97.8	0	1	35.5
97.7	0	1	35.4
97.5	0	1	35.4
97.3	0	1	35.4
97.2	0	1	35.4
97.2	0	1	35.4
97.1	0	1	35.4
97.3	121.6	1	35.4
97.2	0	1	35.4
90.6	0	1	35.4
62.4	0	1	35.4
62.2	121.8	1	35.4
62.1	0	52.7	35.4
61.9	0	636.2	35.4
61.9	0	636.2	35.4
61.8	0	636.2	35.4
61.8	0	636.1	35.4
61.7	0	636.1	35.4
81.1	0	636	35.4
94.2	0	635.9	35.4
18.6	0	635.8	35.4
6.2	0	635.7	35.4
5.8	0	635.6	35.4
5.5	0	635.4	35.4
5.2	0	635.3	35.4
4.9	0	635.2	35.4
4.7	0	635	35.4
4.6	0	634.9	35.4
4.4	0	634.8	35.3
4.2	0	634.6	35.3
4.1	0	634.5	35.3
4	0	634.4	35.3
3.9	0	634.2	35.3
3.8	0	634.1	35.3
3.8	0	633.9	35.3
3.7	0	633.7	35.3
3.7	0	633.6	35.3
3.6	0	633.4	35.3
3.5	0	633.3	35.3
3.5	0	633.1	35.3
3.5	0	633	35.3
3.5	0	632.8	35.2
3.4	8.5	632.7	35.2
3.4	65.9	632.6	35.2
3.4	79	632.5	35.2
3.4	79	632.6	35.2
3.3	79	632.6	35.2
3.3	79	632.7	35.2
3.3	79	632.7	35.2
3.3	79	632.9	35.2
3.3	79	633	35.2
3.3	79	633.1	35.2
3.3	79	633.2	35.2
3.3	79	633.3	35.2
3.3	121.8	633.3	35.2
3.3	79	633.3	35.2
3.3	79	633.2	35.2
3.3	79	633.2	35.1
3.3	79.1	633.3	35.1
3.3	79	633.2	35.1
3.3	79	633.2	35.1
3.3	79.1	633.1	35.1
3.3	79.1	633.1	35.1
3.3	121.8	633.1	35.1
3.2	79	633.1	35.1
3.2	79.1	633.1	35.1
3.2	79.1	633.1	35.1
3.3	79	633	35.1
3.3	79	633	35.1
3.2	79	633	35.1
3.3	79.1	633	35.1
3.3	79.1	633	35.1
3.3	79	633	35.1
3.3	79	633	35.1
3.2	79	632.9	35.1
3.2	79.1	632.9	35.1
3.3	79.1	633	35.1
3.3	79	633.1	35.1
3.2	79	633	35.1
3.3	79	633.1	35.1
3.3	79.1	633.1	35.1
3.3	79.1	633.1	35.1
3.3	79	633.2	35.1
3.2	79.1	633.2	35.1
3.2	79.1	633.3	35.1
3.2	79.1	633.3	35.1
3.3	79.1	633.4	35
3.3	79	633.5	35.1
3.3	79.1	633.5	35
3.3	79.1	633.6	35
3.3	79	633.6	35
3.3	79	633.6	35
3.2	79	633.7	35
3.2	79	633.8	35
3.2	79	633.9	35
3.3	79	634.1	35
3.3	78.9	634.3	35
3.3	78.9	634.5	35
3.3	78.9	634.7	35
3.2	78.9	634.9	35
3.3	78.9	635	35
3.3	78.9	635.1	35
3.2	78.9	635.3	34.9
3.2	78.9	635.3	34.9
3.2	78.8	635.2	35
3.3	78.9	635.2	34.9
3.3	78.8	635.1	34.9
3.3	78.9	635.1	34.9
3.3	78.8	635	34.9
3.3	78.8	635	34.9
3.3	78.9	634.9	34.9
3.2	78.8	634.8	34.9
3.3	78.9	634.8	34.9
3.3	78.9	634.7	34.9
3.3	78.9	634.7	34.9
3.3	78.9	634.6	34.9
3.3	78.9	634.5	34.9
3.3	78.9	634.5	34.9
3.2	78.9	634.5	34.9
3.2	78.9	634.5	34.9
3.3	79	634.4	34.9
3.3	79	634.3	34.9
3.2	78.9	634.3	34.9
3.3	78.9	634.3	34.9
3.3	78.9	634.2	34.9
3.2	79	634.3	34.9
3.3	79	634.3	34.9
3.3	79	634.4	34.9
3.3	79	634.5	34.9
3.3	79	634.5	34.9
3.3	79	634.6	34.9
3.3	79	634.6	34.9
3.2	79	634.6	35
3.2	79	634.6	34.9
3.3	79	634.4	34.9
3.3	79	634.3	34.9
3.3	79	634.2	34.9
3.3	78.9	634.1	34.9
3.3	79	634	34.9
3.3	78.9	634	34.9
3.2	78.9	633.9	34.9
3.2	78.9	633.9	34.9
3.3	78.9	633.9	34.9
3.3	78.9	633.9	34.9
3.3	78.9	633.9	34.9
3.3	79	633.9	34.9
3.3	78.9	633.9	34.8
3.3	78.9	633.9	34.8
3.2	78.9	633.8	34.8
3.2	78.9	633.8	34.8
3.2	78.9	633.7	34.9
3.3	78.9	633.7	34.8
3.3	78.9	633.7	34.8
3.3	78.9	633.7	34.8
3.3	78.9	633.7	34.8
3.3	78.9	633.7	34.9
3.3	78.9	633.8	34.8
3.2	78.9	633.8	34.9
3.2	78.9	633.9	34.8
3.3	79	633.9	34.9
3.3	78.9	634	34.8
3.3	78.9	634	34.8
3.3	78.9	634.2	34.9
3.3	79	634.3	34.8
3.3	79	634.2	34.8
3.2	79	634.2	34.9
3.2	79	634.1	34.8
3.3	79	634.1	34.8
3.3	79	634	34.9
3.3	79	634.1	34.9
3.3	79	634.1	34.8
3.3	79	634	34.8
3.3	79	633.9	34.8
3.2	79.1	633.9	34.8
3.2	79	633.9	34.8
3.3	79	633.8	34.8
3.3	79	633.9	34.8
3.3	79	633.9	34.8
3.3	79	633.8	34.8
3.3	79	633.8	34.8
3.3	79	633.7	34.8
3.2	79	633.6	34.8
3.2	79	633.6	34.8
3.3	79	633.6	34.8
3.3	79	633.5	34.8
3.3	79	633.5	34.8
3.3	79	633.6	34.8
3.3	79	633.7	34.8
3.3	79	633.8	34.8
3.2	79	633.9	34.8
3.2	79	634	34.8
3.3	79	634	34.8
3.3	79	634	34.8
3.3	79	634.1	34.8
3.3	78.9	634	34.8
3.3	79	633.8	34.8
3.3	79	633.7	34.8
3.2	79	633.6	34.7
3.2	78.9	633.5	34.8
3.3	79	633.4	34.8
3.3	78.9	633.3	34.7
3.3	78.9	633.1	34.7
3.3	78.9	633	34.7
3.3	78.9	632.9	34.8
3.3	79	632.9	34.8
3.2	79	632.9	34.7
3.3	79	632.8	34.7
3.3	79	632.8	34.8
3.3	79	632.8	34.8
3.3	79	632.8	34.7
3.3	79	632.8	34.8
3.3	79	632.9	34.8
3.2	79	632.9	34.7
3.3	79	632.9	34.7
3.3	79	633	34.7
3.2	79	633	34.7
3.3	79	633.1	34.7
3.3	79	633.2	34.7
3.3	79	633.2	34.7
3.3	78.9	633.7	34.7
3.2	78.9	633.8	34.7
3.2	78.9	634	34.7
3.3	78.9	634.1	34.7
3.3	78.9	634.2	34.7
3.3	78.9	634.3	34.7
3.3	78.9	634.3	34.7
3.2	78.8	634.4	34.7
3.2	78.8	634.4	34.6
3.3	78.9	634.5	34.7
3.3	78.8	634.5	34.7
3.3	78.8	634.5	34.7
3.3	78.8	634.6	34.6
3.3	78.9	634.6	34.6
3.3	78.8	634.6	34.7
3.2	78.9	634.6	34.6
3.3	78.8	634.5	34.6
3.3	78.8	634.5	34.6
3.3	78.8	634.5	34.6
3.3	78.8	634.5	34.7
3.3	78.8	634.5	34.6
3.3	78.8	634.4	34.6
3.2	78.8	634.4	34.6
3.2	78.8	634.4	34.6
3.3	78.9	634.4	34.6
3.3	78.8	634.5	34.6
3.2	78.9	634.5	34.6
3.3	78.9	634.5	34.6
3.3	78.9	634.5	34.7
3.3	78.9	634.5	34.6
3.3	78.9	634.5	34.6
3.2	78.9	634.5	34.7
3.2	78.9	634.5	34.6
3.2	78.9	634.5	34.6
3.3	78.9	634.5	34.6
3.3	78.9	634.5	34.6
3.3	78.9	634.5	34.7
3.3	78.9	634.5	34.6
3.3	78.9	634.4	34.6
3.3	78.9	634.4	34.6
3.2	78.9	634.4	34.6
3.2	78.9	634.4	34.6
3.3	78.9	634.4	34.6
3.3	78.9	634.3	34.6
3.3	78.9	634.3	34.6
3.3	78.9	634.3	34.6
3.3	78.9	634.3	34.6
3.3	78.9	634.3	34.6
3.2	78.9	634.3	34.6
3.3	78.8	634.2	34.6
3.3	78.9	634.2	34.6
3.2	78.8	634.1	34.6
3.3	78.9	634.1	34.6
3.3	78.8	634.1	34.6
3.3	78.9	634.1	34.6
3.3	78.9	634.1	34.6
3.2	78.9	634.1	34.6
3.3	78.8	634.1	34.6
3.3	78.9	634.1	34.6
3.3	78.9	634.1	34.6
3.3	78.9	633.8	34.6
3.3	78.9	633.7	34.6
3.3	78.9	633.7	34.5
3.2	78.9	633.7	34.6
3.2	78.9	633.6	34.6
3.3	78.9	633.6	34.6
3.3	78.9	633.5	34.6
3.3	78.9	633.5	34.5
3.3	78.9	633.5	34.5
3.3	78.9	633.4	34.6
3.3	78.9	633.4	34.6
3.2	78.9	633.4	34.5
3.2	78.9	633.4	34.6
3.3	78.9	633.4	34.6
3.3	78.9	633.4	34.6
3.3	78.9	633.5	34.6
3.3	78.9	633.6	34.5
3.3	78.9	633.6	34.5
3.3	78.9	633.7	34.5
3.2	78.9	633.7	34.6
3.2	78.9	633.7	34.6
3.3	78.9	633.7	34.6
3.3	78.9	633.7	34.6
3.3	78.9	633.8	34.5
3.3	78.9	633.9	34.5
3.3	78.9	633.9	34.5
3.3	78.9	634	34.5
3.2	78.9	634	34.6
3.3	78.9	634.1	34.6
3.3	78.9	634.2	34.5
3.2	78.9	634.2	34.5
3.3	78.9	634.2	34.6
3.3	79	634.1	34.6
3.3	78.9	634.2	34.5
3.3	78.9	634.2	34.5
3.3	78.9	634.2	34.5
3.3	78.9	634.2	34.5
3.3	78.9	634.1	34.6
3.3	78.9	634	34.6
3.3	78.9	633.6	34.5
3.3	78.9	633.4	34.5
3.2	78.9	633.2	34.5
3.2	78.9	633.1	34.6
3.3	78.9	633	34.5
3.3	78.9	632.8	34.5
3.3	78.9	632.7	34.5
3.3	78.9	632.6	34.5
3.2	78.9	632.6	34.5
3.2	78.9	632.7	34.6
3.3	78.9	632.7	34.5
3.3	78.9	632.7	34.5
3.3	78.9	632.7	34.6
3.3	78.9	632.7	34.6
3.3	78.9	632.8	34.5
3.3	78.9	632.8	34.5
3.2	79	632.8	34.5
3.2	78.9	632.9	34.5
3.3	78.9	633	34.5
3.3	78.9	633	34.5
3.3	78.9	633	34.5
3.3	78.9	633	34.5
3.3	78.9	633	34.5
3.3	78.9	632.9	34.5
3.2	78.9	632.8	34.5
3.3	78.9	632.8	34.5
3.3	78.9	632.8	34.5
3.3	78.9	632.9	34.5
3.3	78.9	632.8	34.5
3.3	78.9	632.8	34.5
3.3	78.9	632.8	34.6
3.2	78.9	632.8	34.6
3.3	79	632.8	34.5
3.3	79	632.8	34.5
3.3	79	632.8	34.5
3.3	79	632.8	34.5
3.3	79	632.8	34.5
3.3	79	632.8	34.5
3.2	79	632.8	34.5
3.3	79	632.8	34.5
3.3	79	632.8	34.5
3.3	79	632.8	34.5
3.3	79	632.8	34.6
3.3	79	632.7	34.6
3.3	79	632.7	34.5
3.2	79	632.7	34.5
3.3	79	632.7	34.5
3.3	79	632.5	34.5
3.3	79	632.4	34.5
3.3	79	632.1	34.5
3.3	79	631.9	34.5
3.3	79	631.8	34.5
3.2	79	631.6	34.5
3.3	79	631.6	34.5
3.3	79	631.5	34.5
3.3	79	631.3	34.5
3.3	79	631.1	34.5
3.3	79	347.3	34.5
3.3	78.9	1.3	34.5
3.2	79	1.3	34.5
3.2	78.9	1.3	34.5
3.3	78.9	1.3	34.5
3.3	78.9	1.2	34.5
3.3	78.9	1.3	34.5
3.3	78.9	1.3	34.5
3.3	78.8	1.3	34.5
3.3	78.9	1.3	34.5
3.2	78.8	1.2	34.5
3.3	78.9	1.2	34.5
3.3	78.8	1.2	34.5
3.3	78.8	1.1	34.5
3.3	78.8	1.1	34.4
3.3	78.8	1.1	34.5
3.3	78.8	1.1	34.5
3.2	78.8	1.1	34.5
3.3	78.8	1	34.4
3.3	78.9	1	34.4
3.3	78.8	1	34.4
3.3	78.8	1	34.4
3.3	78.8	1	34.5
3.3	78.8	1	34.5
3.2	78.9	1	34.4
3.2	78.8	1	34.4
3.3	78.9	1	34.4
3.3	78.8	1	34.4
3.3	78.9	1	34.4
3.3	78.8	1	34.4
3.3	78.8	1	34.4
3.3	78.8	1	34.4
3.2	78.8	1	34.4
3.3	78.9	1	34.4
3.3	78.8	1	34.4
3.3	78.9	1	34.4
3.3	78.9	1	34.4
3.3	78.8	1	34.4
3.3	78.8	1	34.4
3.2	78.9	0.9	34.4
3.3	78.9	1	34.5
3.3	78.8	1	34.4
3.2	78.9	1	34.4
3.3	78.8	1	34.4
3.3	78.8	1	34.4
3.3	78.8	1	34.4
3.3	78.8	0.9	34.4
3.2	78.8	0.9	34.4
3.3	78.8	1	34.4
3.3	78.8	0.9	34.4
3.3	78.8	0.9	34.4
3.3	78.8	1	34.4
3.2	78.8	1	34.4
3.3	78.8	1	34.4
3.3	78.8	0.9	34.4
3.3	78.8	0.9	34.4
3.3	78.8	1	34.4
3.3	78.8	1	34.4
3.3	78.8	1	34.4
3.2	78.9	1	34.5
3.3	78.8	1	20.8
3.3	78.9	1	12.8
3.3	78.9	1	12.6
3.3	78.9	1	12.5
3.3	79	1	12.3
3.3	79	1	12.2
3.2	79	1	12.1
3.3	79	0.9	12.1
3.3	79	0.9	12
3.3	79	1	12
3.3	79	1	11.9
3.3	79	1	11.9
3.3	79	1	11.8
3.3	79	1	11.8
3.3	79	1	11.8
3.3	79	1	11.8
3.3	79	1	11.7
3.3	79	0.9	11.7
3.3	79	0.9	11.7
3.2	79	1	11.7
3.3	79	1	11.7
3.3	79	1	11.7
3.3	79	1	11.7
3.3	79	1	11.7
3.3	79	1	11.7
3.3	79	1	11.7
3.2	79	0.9	11.7
3.3	79	0.9	11.7
3.3	79	1	11.7
3.3	79	1	11.7
3.3	79	1	11.7
3.3	79	1	11.7
3.3	79	1	11.7
3.2	79	1	11.7
3.3	79	1	11.8
3.3	79	1	11.8
3.3	79	0.9	11.7
3.3	79	0.9	11.7
3.3	79	1	11.8
3.3	79	1	11.8
3.3	79	1	11.8
3.3	79	1	11.8
3.3	79	1	11.8
3.3	79	1	11.8
3.3	79	0.9	11.8
3.3	79	0.9	11.8
3.2	79	1	11.8
3.3	79	1	11.8
3.3	79	1	11.8
3.3	79	1	11.9
3.3	79	0.9	11.8
3.3	79	0.9	11.9
3.3	79.1	1	11.9
3.3	79.1	1	11.9
3.3	79	1	11.9
3.3	79.1	1	11.9
3.3	79.1	1	11.9
3.3	79.1	1	11.9
3.3	79.1	1	11.9
3.2	79.1	1	11.9
3.3	79.1	1	11.9
3.3	79.1	1	11.9
3.3	79.1	0.9	11.9
3.3	79	0.9	11.9
3.3	79.1	1	12
3.3	79.1	1	11.9
3.3	79	1	11.9
3.3	79	1	12
3.3	79	1	12
3.3	79.1	1	12
3.3	79.1	1	12
3.3	79.1	1	12
3.2	79.1	1	12
3.3	79.1	1	12
3.3	79.1	1	12
3.3	79.1	1	12
3.3	79.1	1	12
3.3	79.1	1	12
3.3	79.1	1	12
3.3	79.1	1	12
3.3	79.1	1	12
3.3	79	1	12
3.3	79.1	1	12
3.3	79.1	1	12
3.3	79	1	12.1
3.2	79.1	1	12
3.3	79.1	1	12.1
3.3	79	1	12.1
3.3	79	1	12.1
3.3	79	1	12.1
3.2	79	1	12
3.3	79	1	12.1
3.3	79	1	12.1
3.3	79	1	21.8
3.3	79	1	35.7
3.3	79	1	35.7
3.3	79	1	35.7
3.2	79.1	1	35.8
3.3	79.1	1	35.8
3.3	79.1	1	35.9
3.3	79.1	1	35.9
3.3	79.1	1	35.9
3.3	79.1	1	35.9
3.3	79.1	1	36
3.2	79.1	1	35.9
3.3	79.1	1	35.9
3.3	79.1	1	35.9
3.3	79.1	1	36
3.3	79.1	1	36
3.3	79.1	1	35.9
3.3	79.1	1	35.9
3.2	79.1	1	35.9
3.3	79.1	1	35.9
3.3	79.1	1	35.9
3.3	79.1	1	35.9
3.3	79.1	1	35.9
3.3	79.1	1	35.9
3.3	79.1	1	35.9
3.2	79.1	1	35.9
3.3	79.1	0.9	35.8
3.3	79.1	0.9	35.9
3.3	79	1	35.9
3.3	79.1	0.9	35.8
3.3	79.1	0.9	35.8
3.3	79.1	1	35.8
3.3	79.1	1	35.8
3.3	79	0.9	35.8
3.3	79	0.9	35.8
3.3	79.1	1	35.8
3.3	79.1	1	35.8
3.3	79	1	35.8
3.2	79.1	1	35.7
3.3	79.1	1	35.7
3.3	79	0.9	35.7
3.3	79	0.9	35.7
3.3	79.1	1	35.7
3.3	79.1	1	35.7
3.3	79	0.9	35.7
3.2	79	0.9	35.7
3.3	79	1	35.7
3.3	79.1	0.9	35.7
3.3	79.1	0.9	35.6
3.3	79.1	1	35.6
3.3	79.1	1	35.6
3.3	79	1	35.6
3.2	79	1	35.6
3.3	79.1	1	35.6
3.3	40.8	0.9	35.6
3.3	0	0.9	35.6
3.3	0	0.9	35.6
3.3	0	1	35.6
3.3	0	1	35.6
3.2	0	0.9	35.6
3.3	0	0.9	35.6
3.3	0	1	35.5
3.3	0	1	35.5
3.3	0	1	35.5
3.3	0	0.9	35.5
3.3	0	0.9	35.5
3.3	0	1	35.5
3.3	0	1	35.5
3.3	0	1	35.5
3.3	0	0.9	35.5
3.3	0	0.9	35.5
3.3	0	1	35.5
3.3	0	1	35.5
3.3	0	0.9	35.5
3.3	0	0.9	35.4
3.3	0	1	35.4
3.3	0	1	35.4
3.3	0	0.9	35.4
3.2	0	0.9	35.4
3.2	0	0.9	35.4
3.3	0	1	35.4
3.3	0	1	35.3
3.3	0	1	35.3
3.3	0	1	35.3
3.3	0	1	35.4
3.3	0	1	35.3
3.3	0	1	35.4
3.3	0	1	35.3
3.3	0	1	35.3
3.3	0	1	35.3
3.3	0	1	35.3
3.3	0	1	35.3
3.2	0	1	35.3
3.3	0	1	35.3
3.3	0	1	35.3
3.3	0	1	35.3
3.3	0	1	35.3
3.3	0	1	35.3
3.3	0	1	35.2
3.3	0	1	35.3
3.3	0	1	12.8
3.3	0	1	1.8
3.3	0	1	1.9
3.2	0	1	1.9
3.3	0	1	2
3.3	0	1	2.1
3.3	0	1	2.2
3.3	0	1	2.2
3.3	0	1	2.3
3.3	0	1	2.3
3.3	0	1	2.3
3.3	0	1	2.4
3.3	0	1	2.4
3.3	0	1	2.4
3.3	0	1	2.4
3.3	0	1	2.4
3.3	0	1	2.5
3.3	0	1	2.5
3.3	0	1	2.5
3.3	0	1	2.5
3.3	0	1	2.5
3.3	0	1	2.5
3.3	0	1	2.5
3.3	0	1	2.5
3.3	0	1	2.5
3.3	0	1	2.5
3.3	0	1	2.6
3.3	0	1	2.6
3.2	0	1	2.5
3.3	0	1	2.5
3.3	0	1	2.6
3.3	0	1	2.5
3.3	0	1	2.5
3.3	0	1	2.6
3.3	0	1	2.6
3.3	0	1	2.6
3.3	0	1	2.5
3.3	0	1	2.5
3.3	0	1	2.6
3.3	0	1	2.6
3.3	0	1	2.6
3.3	0	1	2.6
3.3	0	1	2.6
3.3	0	1	2.5
3.3	0	1	2.5
3.3	0	1	2.6
3.3	0	1	2.6
3.3	0	1	2.5
3.3	0	1	2.5
3.3	0	1	2.6
3.3	0	1	2.6
3.3	0	1	2.5
3.3	0	1	2.5
3.3	0	1	2.6
3.3	0	1	2.6
3.3	0	1	2.6
3.3	0	1	2.6
3.3	0	1	2.6
3.3	0	1	2.5
3.3	0	1	2.5
3.3	0	1	2.6
3.3	0	1	2.6
3.3	0	1	2.5
3.3	0	1	2.5
3.3	0	1	2.6
3.3	0	1	2.6
3.3	0	1	2.5
3.3	0	1	2.5
3.3	0	1	2.6
3.3	0	1	2.5
3.3	0	1	2.5
3.3	0	1	2.5
3.3	0	1	2.5
3.3	0	1.1	2.6
3.3	0	1	2.6
3.3	0	1	2.6
3.3	0	1	2.6
3.3	0	1	2.6
3.3	0	1	2.6
21.2	0	1	2.5
214.3	0	1	2.5
214.3	0	1	2.6
70.7	0	1	2.5
61.6	0	1	2.5
61.6	0	1	2.6
61.6	0	1	2.6
61.5	0	1	2.6
61.5	0	1	2.6
61.5	0	1	2.6
82.7	0	1	2.5
99.1	0	1	2.5
98.4	0	1	2.6
93.2	0	1	2.6
93.2	0	1	2.5
93.3	0	1	2.5
93.4	0	1	2.6
98.8	0	1	2.5
92	0	1	2.5
91.4	0	1	2.6
91.1	0	1	2.6
90.9	0	1	2.6
90.5	0	1	2.6
90.3	0	1	2.5
90.1	0	1	2.5
89.8	0	1	2.6
89.5	0	1	2.5
89.4	0	1	2.5
89.5	0	1.1	2.6
89.9	0	1	2.5
99.1	0	1.1	2.5
98.6	0	1	2.6
98.1	0	1	2.6
97.9	0	1.1	2.6
91.2	0	1	2.6
91.1	0	1	2.5
91.3	0	1	2.5
91.6	0	1	2.5
92	0	1	2.5
92.3	0	1	2.6
92.8	0	1	2.5
98.4	0	1	2.5
98.2	0	1	2.6
97.9	0	1	2.6
97.8	0	1	2.6
97.7	0	1	2.6
97.8	0	1.1	2.6
98	0	1.1	2.6
98.2	0	1	2.5
98.1	0	1	2.5
97.9	0	1.1	2.5
97.8	0	1	2.5
98	0	1	2.5
98.3	0	1	2.6
97.9	0	1	2.6
97.7	0	1.1	2.6
98.1	0	1	2.6
98.6	0	1	2.5
99	0	1.1	2.5
99.4	0	1	2.5
99.8	0	1	2.6
100.2	0	1.1	2.5
100.5	0	1.1	2.5
100.7	0	1	2.6
101	0	1	2.6
101.2	0	1	2.6
101.3	0	1.1	2.5
101.6	0	1.1	2.5
101.7	0	1	2.5
101.8	0	1.1	2.5
101.8	0	1	2.5
101.9	0	1	2.5
101.9	0	1.1	2.5
102.2	0	1	2.6
73.4	0	1	2.6
73.6	0	1	2.5
83.7	0	1	2.5
76	0	1.1	2.5
75.5	0	1	2.5
75.1	0	1	2.5
80.6	0	1	2.5
80.7	0	1	2.6
80.9	0	1	2.6
81	0	1.1	2.6
81.2	0	1	2.5
81.4	0	1	2.5
101.7	0	1	2.5
111.4	0	1	2.5
111.3	0	1	2.5
96.8	0	1	2.5
72.6	0	1	2.6
73.2	0	1	2.6
73.2	0	1	2.6
73.4	0	1	2.5
73.2	0	1	2.5
73.3	0	1	2.5
73	0	1	2.5
66.1	0	1	2.5
66.1	0	1	2.5
66.3	0	1	2.6
72.8	0	1	2.6
73.1	0	1.1	2.5
73.2	0	1	2.5
67.9	0	1	2.5
68	0	1	2.5
98.6	0	1	2.5
98.4	0	1	2.5
98	0	1	2.6
92.2	0	1	2.6
92.1	0	1	2.5
92	0	1	2.5
91.8	0	1	2.5
91.5	0	1	2.5
96.8	0	1	2.5
96.8	0	1	2.5
96.7	0	1	2.5
96.5	0	1	2.5
96.3	0	1	2.6
96.1	0	1	2.6
95.9	0	1	2.6
89.8	0	1	2.6
89.2	0	1	2.6
89	0	1	2.6
88.9	0	1	2.6
89.2	0	1	2.6
89.8	0	1	2.6
90.4	0	1	2.6
95.6	0	1	2.6
95.6	0	1	2.6
95.5	0	1	2.6
95.4	0	1	2.6
95	0	1	2.6
94.6	0	1	2.6
94.4	0	1	2.6
80.4	0	1	2.6
101.7	0	1	2.6
101.9	0	1	2.6
101.7	0	1	2.6
101.3	0	1	2.6
101.2	0	1	2.6
106.9	0	1	2.6
106.8	0	1	2.6
106.3	0	1	2.6
98	0	1	2.6
98.1	0	1	2.6
106.7	0	1	2.6
106.4	0	1	2.6
106	0	1	2.6
106.1	0	1	2.6
105.9	0	1	2.6
105.6	0	1	2.6
111.6	0	1	2.6
101.5	0	1	2.6
101	0	1	2.6
100.5	0	1	2.6
100.9	0	1	2.5
101.1	0	1.1	2.5
101.4	0	1	2.5
101.8	0	1	2.5
101.4	0	1.1	2.5
100.9	0	1	2.5
100.9	0	1	2.6
101.4	0	1.1	2.5
101.1	0	1.1	2.5
100.9	0	1	2.5
107.7	0	1	2.5
107.4	0	1	2.5
99.7	0	1	2.5
99.1	0	1.1	2.5
98.7	0	1	2.5
98.4	0	1	2.5
98.9	0	1.1	2.5
99	0	1	2.5
99	0	1	2.5
99.2	0	1	2.5
99.8	0	1	2.5
100.3	0	1	2.5
100.6	0	1.1	2.5
100.8	0	1	2.5
100.8	0	1	2.5
100.5	0	1.1	2.5
100.4	0	1	2.5
100.2	0	1	2.5
100.1	0	1.1	2.5
99.9	0	1	2.5
99.9	0	1	2.5
100	0	1	2.5
100	0	1	2.5
100	0	1	2.5
100.2	0	1	2.5
100.3	0	1.1	2.5
100.7	0	1	2.5
108	0	1	2.5
108	0	1	2.5
90	0	1	2.5
70.5	0	1	2.5
71	0	1.1	2.5
77.2	0	1	2.5
77.2	0	1	2.5
77.1	0	1	2.5
77	0	1	2.5
76.9	0	1	2.5
69.3	0	1	2.5
69.6	0	1	2.5
78	0	1	2.5
77.9	0	1	2.5
77.9	0	1.1	2.5
77.5	0	1	2.5
72.2	0	1	2.5
79.2	0	1	2.5
107.1	0	1.1	2.5
106.9	0	1	2.5
107.5	0	1	2.5
107.9	0	1	2.5
108.4	0	1	2.5
108.6	0	1	2.5
108.5	0	1.1	2.5
108.4	0	1	2.5
108.2	0	1	2.5
108.3	0	1	2.5
108.6	0	1	2.5
108.9	0	1.1	2.5
109.3	0	1	2.5
109.6	0	1	2.5
90.4	0	1.1	2.5
102.5	0	1	2.5
102.9	0	1	2.5
103.2	0	1	2.5
103.5	0	1	2.5
103.8	0	1	2.5
104	0	1	2.5
104	0	1	2.5
104.1	0	1.1	2.6
104.1	0	1	2.5
104.1	0	1	2.5
104.1	0	1.1	2.5
104.3	0	1	2.5
104.5	0	1	2.5
104.5	0	1.1	2.5
104.5	0	1	2.5
104.6	0	1	2.5
104.6	0	1	2.5
104.5	0	1	2.5
103.9	0	1	2.5
96.6	0	1	2.5
96.6	0	1	2.5
96.6	0	1.1	2.5
96.7	0	1	2.5
96.7	0	1	2.5
96.6	0	1	2.5
96.6	0	1.1	2.5
96.6	0	1	2.5
96.7	0	1	2.5
96.8	0	1	2.5
96.9	0	1	2.5
96.9	0	1.1	2.5
96.9	0	1	2.5
97.3	0	1	2.5
97.2	0	1	2.5
97.1	0	1	2.5
97	0	1	2.5
96.9	0	1	2.5
102.1	0	1	2.5
102.3	0	1	2.5
102.6	0	1	2.5
103.1	0	1.1	2.5
103.4	0	1	2.5
103.6	0	1	2.5
103.4	0	1	2.5
103.3	0	1	2.5
103.2	0	1	2.5
103.6	0	1.1	2.5
89.7	0	1.1	2.5
89.5	0	1	2.5
89.4	0	1	2.5
89.7	0	1.1	2.5
99.9	0	1	2.5
99.4	0	1	2.5
90.2	0	1	2.5
90.3	0	1	2.5
107.1	0	1	2.4
107	0	1	2.5
106.8	0	1	2.5
106.5	0	1	2.5
106.4	0	1	2.5
106.4	0	1	2.5
100.3	0	1.1	2.5
106.7	0	1.1	2.5
106.8	0	1	2.5
106.9	0	1	2.5
107	0	1	2.5
107.1	0	1	2.4
106.9	0	1	2.5
107	0	1	2.5
107.2	0	1	2.5
107.3	0	1	2.5
107.3	0	1	2.5
107.2	0	1.1	2.5
106.7	0	1.1	2.5
106.7	0	1	2.5
106.9	0	1	2.5
106.5	0	1	2.5
106.3	0	1	2.4
106	0	1	2.5
106	0	1	2.5
106.1	0	1	2.5
106.1	0	1	2.5
105.8	0	1	2.5
99.1	0	1.1	2.5
98.9	0	1	2.5
98.7	0	1	2.5
98.4	0	1	2.5
98.4	0	1	2.5
98.2	0	1	2.4
98.1	0	1	2.5
98	0	1	2.5
98	0	1.1	2.5
97.9	0	1	2.5
97.9	0	1	2.5
97.3	0	1	2.5
97.7	0	1	2.5
97.9	0	1	2.5
97.7	0	1	2.5
97.5	0	1	2.5
97.3	0	1.1	2.4
97.1	0	1	2.5
97	0	1	2.5
96.8	0	1	2.5
96.8	0	1	2.5
96.8	0	1	2.5
96.7	0	1	2.5
96.1	0	1	2.5
96.4	0	1	2.5
96.7	0	1.1	2.4
97	0	1.1	2.5
97.6	0	1	2.5
92.4	0	1	2.5
92.4	0	1	2.5
92.3	0	1.1	2.5
92.8	0	1	2.5
93.2	0	1	2.4
93.6	0	1	2.5
94	0	1	2.5
94	0	1	2.5
94.2	0	1	2.5
94.6	0	1	2.4
94.6	0	1.1	2.5
94.5	0	1	2.5
101.9	0	1	2.5
102.1	0	1.1	2.5
102.4	0	1	2.4
102.5	0	1	2.5
102.6	0	1	2.5
102.8	0	1.1	2.5
102.9	0	1	2.5
103	0	1	2.4
103.1	0	1	2.5
103	0	1	2.5
90	0	1	2.5
89.8	0	1	2.5
89.7	0	1	2.4
105.7	0	1	2.5
89.7	0	1.1	2.5
103.5	0	1	2.5
103.6	0	1	2.5
104.1	0	1	2.4
104.3	0	1	2.5
104.6	0	1.1	2.5
104.8	0	1	2.5
104.9	0	1	2.5
105.2	0	1	2.4
105.7	0	1	2.5
106.1	0	1	2.5
106.1	0	1	2.5
106.3	0	1.1	2.5
106.5	0	1	2.5
106.5	0	1	2.5
106.3	0	1	2.5
105.9	0	1	2.5
105.8	0	1	2.4
105.7	0	1	2.5
105.7	0	1	2.5
105.6	0	1.1	2.4
105.4	0	1	2.5
105.1	0	1	2.5
104.7	0	1	2.5
104.5	0	1	2.5
104.4	0	1	2.4
104.3	0	1.1	2.5
104.3	0	1.1	2.5
104.1	0	1	2.5
104.1	0	1	2.5
103.9	0	1	2.5
103.8	0	1	2.5
103.7	0	1.1	2.5
103.8	0	1	2.5
104	0	1	2.5
104.2	0	1.1	2.5
104.1	0	1	2.4
103.9	0	1	2.5
104.1	0	1	2.5
104.2	0	1	2.5
104.4	0	1	2.5
104.7	0	1	2.5
104.9	0	1	2.5
104.7	0	1	2.5
104.7	0	1.1	2.5
104.7	0	1	2.5
104.5	0	1	2.5
104.6	0	1.1	2.4
104.8	0	1.1	2.5
104.9	0	1.1	2.5
105.1	0	1	2.5
105.3	0	1	2.5
105.5	0	1	2.4
105.4	0	1.1	2.5
105.4	0	1.1	2.5
105.5	0	1	2.5
100.1	0	1.1	2.5
99.9	0	1	2.4
99.6	0	1	2.5
99	0	1	2.5
89.8	0	1.1	2.5
89.2	0	1	2.5
100.3	0	1	2.4
99.8	0	1	2.5
74	0	1	2.5
74.5	0	1	2.5
84.7	0	1.1	2.5
74.4	0	1	2.4
74.3	0	1	2.5
81.7	0	1.1	2.5
94.2	0	1	2.5
83.7	0	1.1	2.5
84.2	0	1	2.4
78.6	0	1	2.5
84.1	0	1	2.5
103.1	0	1	2.5
96.6	0	1	2.5
96.3	0	1	2.5
103.3	0	1	2.5
103.2	0	1.1	2.5
102.9	0	1.1	2.5
103	0	1	2.5
103.3	0	1	2.5
95.6	0	1.1	2.4
90	0	1	2.5
99.9	0	1	2.5
100	0	1	2.5
99.4	0	1	2.5
85.9	0	1	2.4
85.7	0	1	2.5
98.2	0	1	2.5
108.6	0	1	2.5
108.7	0	1	2.5
108.7	0	1	2.4
108.8	0	1	2.5
109	0	1	2.5
109.1	0	1	2.5
109.2	0	1	2.5
109.7	0	1.1	2.4
110.2	0	1	2.5
110.6	0	1	2.5
110.5	0	1	2.5
110.5	0	1	2.5
110.7	0	1	2.5
110.6	0	1	2.5
103.9	0	1	2.5
104.2	0	1.1	2.5
104.8	0	1.1	2.5
105.1	0	1	2.5
105.3	0	1	2.4
105.5	0	1	2.5
105.4	0	1	2.5
104.8	0	1	2.5
104.6	0	1	2.5
104.7	0	1	2.4
105.2	0	1	2.5
105.8	0	1	2.5
105.7	0	1	2.5
80.6	0	1	2.5
88.1	0	1	2.4
102.7	0	1.1	2.5
102.7	0	1	2.5
102.9	0	1	2.5
102.9	0	1	2.5
103.3	0	1	2.4
103.9	0	1	2.5
104.5	0	1	2.5
78.6	0	1	2.5
87.9	0	1	2.5
98	0	1	2.4
106.7	0	1	2.5
106.4	0	1	2.5
98.8	0	1	2.5
98.2	0	1	2.5
106.5	0	1	2.4
105.9	0	1	2.5
98.4	0	1	2.5
83.9	0	1	2.5
84.4	0	1	2.5
90	0	1	2.5
90.1	0	1	2.5
90.1	0	1.1	2.5
90.4	0	1	2.5
90.7	0	1	2.5
91	0	1	2.5
90.6	0	1.1	2.4
90.8	0	1.1	2.5
113.4	0	1	2.5
113.3	0	1	2.4
113.3	0	1	2.5
101.1	0	1	2.5
101.3	0	1.1	2.5
101.6	0	1	2.5
101.8	0	1	2.4
102	0	1.1	2.5
102	0	1	2.5
75.4	0	1	2.4
99.3	0	1	2.5
99.6	0	1	2.5
99.8	0	1.1	2.5
100.1	0	1.1	2.5
100.1	0	1	2.4
107.5	0	1.1	2.5
107.3	0	1	2.5
100.1	0	1	2.5
100	0	1	2.5
99.9	0	1	2.4
105.1	0	1.1	2.5
110.6	0	1	2.5
110.6	0	1.1	2.5
110.6	0	1	2.5
110.7	0	1.1	2.4
110.8	0	1	2.5
110.8	0	1	2.5
110.7	0	1.1	2.4
103.1	0	1	2.5
96.6	0	1	2.5
96.6	0	1.1	2.5
96.7	0	1.1	2.5
96.8	0	1	2.4
96.8	0	1	2.4
96.8	0	1	2.5
97	0	1	2.5
97.6	0	1.1	2.5
97.6	0	1	2.5
97.3	0	1.1	2.5
92.2	0	1.1	2.5
99.1	0	1	2.5
98.9	0	1	2.5
98.8	0	1	2.4
106.5	0	1	2.5
107.1	0	1.1	2.5
107.6	0	1	2.5
108.2	0	1.1	2.5
108.5	0	1	2.5
108.2	0	1.1	2.5
108.7	0	1.1	2.4
109.2	0	1	2.5
109.4	0	1	2.5
109.4	0	1.1	2.5
95.8	0	1	2.5
95.5	0	1.1	2.4
113	0	1	2.5
112.7	0	1.1	2.5
103.9	0	1	2.4
104.3	0	1	2.5
104.8	0	1	2.5
105.3	0	1.1	2.5
105.9	0	1.1	2.5
106.3	0	1.1	2.4
106.8	0	1	2.4
107.2	0	1.1	2.5
107.7	0	1	2.5
108.2	0	1	2.5
108.7	0	1	2.5
109.1	0	1	2.5
84.5	0	1.1	2.5
75.6	0	1	2.5
93	0	1.1	2.5
105.5	0	1	2.4
80.2	0	1.1	2.5
64.3	0	1.1	2.5
73.8	0	1	2.5
98.2	0	1	2.5
98.2	0	1.1	2.5
98.4	0	1	2.5
98.5	0	1	2.4
98.9	0	1.1	2.5
99.2	0	1	2.5
99.4	0	1	2.5
99.3	0	1.1	2.5
89.1	0	1	2.4
96.2	0	1	2.5
104.7	0	1	2.5
104.6	0	1.1	2.5
104.1	0	1	2.5
103.7	0	1.1	2.4
103.4	0	1	2.5
103.2	0	1	2.5
97.4	0	1.1	2.5
90	0	1	2.5
90	0	1	2.4
90.1	0	1	2.5
90.3	0	1.1	2.5
90.6	0	1	2.5
90.7	0	1	2.5
90.9	0	1	2.4
90.6	0	1.1	2.5
108.6	0	1	2.5
103.5	0	1	2.5
103.5	0	1	2.5
103	0	1	2.4
91	0	1.1	2.5
91.1	0	1	2.5
98.2	0	1.1	2.5
97.9	0	1	2.5
88.5	0	1	2.4
99.9	0	1.1	2.5
99.5	0	1	2.5
99.7	0	1	2.5
99.7	0	1	2.5
106.1	0	1	2.4
106.1	0	1.1	2.5
106	0	1.1	2.5
106	0	1	2.5
105.9	0	1.1	2.5
105.8	0	1	2.5
105.8	0	1	2.5
105.7	0	1	2.5
105.6	0	1.1	2.5
105.5	0	1	2.4
98.2	0	1	2.5
98	0	1	2.5
97.9	0	1	2.5
97.8	0	1.1	2.5
97.9	0	1	2.5
97.9	0	1	2.5
97.8	0	1.1	2.4
97.8	0	1	2.5
97.8	0	1	2.5
97.8	0	1.1	2.5
97.6	0	1	2.5
97.6	0	1	2.4
97.5	0	1	2.5
97.4	0	1	2.5
97.5	0	1	2.4
97.5	0	1.1	2.5
97.6	0	1	2.5
97.6	0	1.1	2.5
97.7	0	1	2.5
97.6	0	1	2.4
97.6	0	1.1	2.4
97.6	0	1	2.5
97.6	0	1	2.5
97.3	0	1	2.5
85.3	0	1.1	2.5
85.7	0	1	2.4
86	0	1.1	2.4
86.4	0	1	2.2
91.6	0	1.1	0
91.3	0	1	0
90.7	0	1	11.6
90.6	0	1	36.1
90.1	0	1.1	36.2
90.1	0	1	36.4
99.5	0	1	36.6
99.2	0	1.1	36.8
98.7	0	1	37
90.2	0	1.1	37.1
90	0	1	37.2
90	0	1	37.3
90.6	0	1	37.4
104.3	0	1	37.5
104.3	0	1	37.5
104.3	0	1	37.6
104.2	0	1.1	37.7
98.9	0	1	37.8
84.3	0	1	37.8
84.4	0	1	37.9
100.7	0	1	38
100.8	0	1.1	38
101.1	0	1	38.1
101.3	0	1.1	38.1
101.6	0	1	38.2
101.9	0	1	38.2
102.1	0	1	38.3
92	0	1	38.3
91.4	0	1	38.4
91.1	0	1	38.4
90.8	0	1	38.4
90.6	0	1	38.5
90.2	0	1	38.5
89.9	0	1	38.5
89.7	0	1	38.5
89.7	0	1	38.5
95.6	0	1	38.5
96	0	1	38.6
96.5	0	1	38.6
96.8	0	1	38.6
96.7	0	1	38.6
96.1	0	1	38.6
90.8	0	1	38.6
90.7	0	1	38.6
90.8	0	1	38.7
91.2	0	1	38.7
90.8	98.6	1	38.7
90.3	114	1	38.7
90.1	113.9	1	38.7
90	113.9	1	38.7
90.1	113.9	1	38.7
90.2	113.9	1	38.7
90.5	113.9	1	38.7
99.5	113.8	1	38.7
99.6	113.8	1	38.7
99.7	113.8	1	38.7
99.7	113.8	1	38.7
99.8	113.8	1	38.7
99.8	113.8	1	38.7
99.9	113.8	1	38.7
99.8	113.8	1	38.7
99.8	113.8	1	38.6
99.6	113.8	1	38.6
99.5	113.8	1	38.6
99.4	113.8	1	38.6
99.4	113.8	1	38.7
99.3	113.7	1	38.6
